uid,start_time_s,duration_s,label
SHGA250923,3.98,2.38,FEM
SHGA250923,13.68,0.52,FEM
SHGA250923,16.94,0.18,OCH
SHGA250923,18.14,1.76,MAL
SHGA250923,20.34,0.44,MAL
SHGA250923,21.2,0.6,MAL
SHGA250923,22.06,1.6,MAL
SHGA250923,23.78,0.1,MAL
SHGA250923,31.84,0.22,FEM
SHGA250923,32.04,0.48,MAL
SHGA250923,32.92,2.9,FEM
SHGA250923,34.7,1.12,MAL
SHGA250923,39.44,0.36,FEM
SHGA250923,47.08,0.16,FEM
SHGA250923,47.76,0.46,MAL
SHGA250923,48.3,9.32,FEM
SHGA250923,48.44,0.16,MAL
SHGA250923,51.6,1.58,KCHI
SHGA250923,57.84,1.1,FEM
SHGA250923,60.74,3.98,FEM
SHGA250923,63.76,0.7,KCHI
SHGA250923,66.08,5.16,FEM
SHGA250923,71.64,0.24,FEM
SHGA250923,74.12,1.16,FEM
SHGA250923,79.6,1.34,FEM
SHGA250923,81.94,5.62,FEM
SHGA250923,91.54,3.98,FEM
SHGA250923,99.62,1.1,FEM
SHGA250923,100.86,4.96,FEM
SHGA250923,107.76,3.0,FEM
SHGA250923,111.18,1.38,FEM
SHGA250923,116.56,1.42,FEM
SHGA250923,118.66,0.48,FEM
SHGA250923,119.4,1.12,FEM
SHGA250923,121.6,1.34,FEM
SHGA250923,126.08,2.36,FEM
SHGA250923,129.88,4.68,FEM
SHGA250923,135.32,0.46,FEM
SHGA250923,136.3,14.16,FEM
SHGA250923,149.16,0.8,KCHI
SHGA250923,150.3,0.94,KCHI
SHGA250923,152.82,0.78,KCHI
SHGA250923,154.82,0.74,FEM
SHGA250923,156.48,1.22,FEM
SHGA250923,158.06,0.82,KCHI
SHGA250923,161.2,0.56,FEM
SHGA250923,162.92,2.16,FEM
SHGA250923,165.4,1.24,FEM
SHGA250923,166.9,0.72,FEM
SHGA250923,167.68,0.56,KCHI
SHGA250923,168.64,1.02,FEM
SHGA250923,171.14,1.0,MAL
SHGA250923,171.98,0.7,FEM
SHGA250923,172.54,0.42,MAL
SHGA250923,173.34,0.54,FEM
SHGA250923,174.9,0.22,MAL
SHGA250923,175.38,0.62,FEM
SHGA250923,177.18,0.4,MAL
SHGA250923,177.48,0.88,FEM
SHGA250923,177.8,0.16,MAL
SHGA250923,178.28,0.34,MAL
SHGA250923,179.68,0.62,KCHI
SHGA250923,179.78,1.28,FEM
SHGA250923,181.32,0.66,MAL
SHGA250923,183.28,0.38,MAL
SHGA250923,183.58,1.3,FEM
SHGA250923,184.52,0.86,MAL
SHGA250923,186.42,1.42,FEM
SHGA250923,188.6,1.08,FEM
SHGA250923,191.62,0.46,FEM
SHGA250923,192.66,1.42,FEM
SHGA250923,196.18,0.44,FEM
SHGA250923,199.94,1.06,MAL
SHGA250923,202.06,1.72,KCHI
SHGA250923,204.44,1.28,KCHI
SHGA250923,210.26,0.68,FEM
SHGA250923,210.6,1.28,MAL
SHGA250923,211.96,1.14,FEM
SHGA250923,213.68,0.6,MAL
SHGA250923,214.92,0.36,FEM
SHGA250923,216.08,1.46,FEM
SHGA250923,221.78,0.48,KCHI
SHGA250923,222.88,2.38,KCHI
SHGA250923,226.74,0.12,KCHI
SHGA250923,227.36,1.02,KCHI
SHGA250923,229.74,1.1,KCHI
SHGA250923,235.76,2.7,FEM
SHGA250923,236.14,0.52,KCHI
SHGA250923,238.4,0.38,KCHI
SHGA250923,238.68,0.12,FEM
SHGA250923,242.78,0.5,KCHI
SHGA250923,243.84,0.58,KCHI
SHGA250923,248.04,1.18,OCH
SHGA250923,249.36,0.32,OCH
SHGA250923,250.74,3.98,OCH
SHGA250923,258.7,3.98,KCHI
SHGA250923,263.14,0.2,OCH
SHGA250923,263.76,0.3,OCH
SHGA250923,264.26,0.68,OCH
SHGA250923,265.1,0.32,OCH
SHGA250923,265.56,0.34,OCH
SHGA250923,266.54,0.12,OCH
SHGA250923,266.66,0.5,KCHI
SHGA250923,274.04,0.58,KCHI
SHGA250923,282.58,4.1,KCHI
SHGA250923,286.56,0.48,FEM
SHGA250923,287.46,2.72,FEM
SHGA250923,291.38,0.82,FEM
SHGA250923,293.72,0.74,FEM
SHGA250923,295.78,3.12,FEM
SHGA250923,299.14,1.92,FEM
SHGA250923,301.26,2.62,FEM
SHGA250923,301.68,1.0,KCHI
SHGA250923,304.86,1.44,FEM
SHGA250923,307.56,1.3,FEM
SHGA250923,310.44,1.88,FEM
SHGA250923,313.68,0.66,OCH
SHGA250923,314.98,0.9,FEM
SHGA250923,316.64,1.62,FEM
SHGA250923,318.28,0.12,KCHI
SHGA250923,318.4,1.2,FEM
SHGA250923,320.26,2.92,FEM
SHGA250923,323.64,2.2,FEM
SHGA250923,327.32,2.18,FEM
SHGA250923,330.34,1.14,FEM
SHGA250923,332.18,2.14,FEM
SHGA250923,334.32,0.56,KCHI
SHGA250923,335.16,1.36,FEM
SHGA250923,337.28,1.28,FEM
SHGA250923,339.2,1.44,FEM
SHGA250923,340.68,1.82,KCHI
SHGA250923,342.28,3.04,FEM
SHGA250923,345.46,0.8,FEM
SHGA250923,345.7,0.44,KCHI
SHGA250923,347.1,1.56,KCHI
SHGA250923,348.68,1.56,FEM
SHGA250923,349.76,0.68,KCHI
SHGA250923,350.5,3.72,FEM
SHGA250923,355.3,0.96,OCH
SHGA250923,356.1,1.94,KCHI
SHGA250923,357.56,0.64,OCH
SHGA250923,358.2,0.48,KCHI
SHGA250923,358.2,2.76,FEM
SHGA250923,361.12,1.44,KCHI
SHGA250923,362.58,1.12,FEM
SHGA250923,363.76,0.9,KCHI
SHGA250923,364.68,4.12,FEM
SHGA250923,368.96,1.18,FEM
SHGA250923,371.16,0.24,FEM
SHGA250923,371.86,1.38,OCH
SHGA250923,373.18,1.82,FEM
SHGA250923,375.68,1.1,KCHI
SHGA250923,376.42,1.68,FEM
SHGA250923,378.1,0.72,OCH
SHGA250923,379.14,0.92,KCHI
SHGA250923,380.04,0.86,FEM
SHGA250923,381.22,0.48,KCHI
SHGA250923,381.84,0.24,OCH
SHGA250923,382.08,1.36,FEM
SHGA250923,383.36,0.9,KCHI
SHGA250923,384.18,1.16,FEM
SHGA250923,387.0,2.64,FEM
SHGA250923,389.36,0.98,KCHI
SHGA250923,390.28,1.5,FEM
SHGA250923,392.1,0.62,KCHI
SHGA250923,392.7,0.94,FEM
SHGA250923,394.96,6.64,FEM
SHGA250923,403.26,2.7,FEM
SHGA250923,403.88,1.16,KCHI
SHGA250923,407.26,0.76,FEM
SHGA250923,407.9,1.02,KCHI
SHGA250923,410.54,1.34,FEM
SHGA250923,412.16,0.82,KCHI
SHGA250923,412.94,2.88,FEM
SHGA250923,415.98,1.92,FEM
SHGA250923,418.74,1.88,FEM
SHGA250923,420.54,1.22,KCHI
SHGA250923,421.74,1.54,FEM
SHGA250923,428.22,0.78,FEM
SHGA250923,429.56,0.74,FEM
SHGA250923,431.12,0.86,FEM
SHGA250923,432.14,0.58,KCHI
SHGA250923,437.8,1.02,FEM
SHGA250923,439.54,2.24,FEM
SHGA250923,447.04,0.74,KCHI
SHGA250923,448.1,2.02,FEM
SHGA250923,450.56,2.64,KCHI
SHGA250923,452.76,0.64,FEM
SHGA250923,455.16,2.46,FEM
SHGA250923,458.94,2.74,FEM
SHGA250923,466.54,1.04,FEM
SHGA250923,472.22,1.36,FEM
SHGA250923,476.36,5.08,FEM
SHGA250923,482.0,9.46,FEM
SHGA250923,489.54,0.22,KCHI
SHGA250923,492.48,1.04,FEM
SHGA250923,493.52,2.46,KCHI
SHGA250923,501.48,0.46,OCH
SHGA250923,502.14,2.9,OCH
SHGA250923,506.1,3.16,FEM
SHGA250923,509.58,1.24,FEM
SHGA250923,512.1,1.5,KCHI
SHGA250923,513.5,0.78,FEM
SHGA250923,514.4,1.02,KCHI
SHGA250923,515.38,4.58,FEM
SHGA250923,516.18,0.38,KCHI
SHGA250923,520.32,2.94,FEM
SHGA250923,520.38,0.38,KCHI
SHGA250923,523.02,0.64,KCHI
SHGA250923,523.74,1.86,FEM
SHGA250923,524.7,0.66,KCHI
SHGA250923,526.38,0.84,FEM
SHGA250923,526.44,1.18,KCHI
SHGA250923,527.62,1.3,FEM
SHGA250923,529.42,1.4,FEM
SHGA250923,530.98,0.5,KCHI
SHGA250923,531.56,1.28,FEM
SHGA250923,532.46,0.6,KCHI
SHGA250923,532.96,0.86,FEM
SHGA250923,534.14,1.2,KCHI
SHGA250923,535.28,2.02,FEM
SHGA250923,537.3,2.74,OCH
SHGA250923,540.76,0.52,OCH
SHGA250923,541.38,1.26,KCHI
SHGA250923,542.96,6.28,KCHI
SHGA250923,545.7,0.82,FEM
SHGA250923,550.74,1.06,FEM
SHGA250923,552.54,0.68,KCHI
SHGA250923,553.92,2.04,FEM
SHGA250923,556.12,0.28,KCHI
SHGA250923,556.46,2.1,FEM
SHGA250923,558.72,0.38,KCHI
SHGA250923,559.08,2.3,FEM
SHGA250923,562.54,0.34,KCHI
SHGA250923,563.1,0.38,FEM
SHGA250923,563.74,0.28,KCHI
SHGA250923,564.18,0.98,FEM
SHGA250923,565.16,2.04,KCHI
SHGA250923,567.8,0.4,KCHI
SHGA250923,569.14,0.42,KCHI
SHGA250923,569.62,0.46,FEM
SHGA250923,570.96,3.24,FEM
SHGA250923,572.16,0.94,KCHI
SHGA250923,576.44,0.8,FEM
SHGA250923,577.28,0.46,KCHI
SHGA250923,578.46,1.74,FEM
SHGA250923,582.2,1.02,KCHI
SHGA250923,583.36,0.92,FEM
SHGA250923,585.08,1.4,FEM
SHGA250923,586.6,2.32,OCH
SHGA250923,591.84,3.9,KCHI
SHGA250923,605.44,1.06,KCHI
SHGA250923,606.88,2.06,FEM
SHGA250923,613.4,0.12,OCH
SHGA250923,613.84,0.16,OCH
SHGA250923,620.88,3.98,KCHI
SHGA250923,626.34,1.94,KCHI
SHGA250923,632.66,1.4,KCHI
SHGA250923,634.6,2.2,KCHI
SHGA250923,640.78,1.28,KCHI
SHGA250923,642.18,0.76,KCHI
SHGA250923,643.72,0.32,KCHI
SHGA250923,644.2,0.36,KCHI
SHGA250923,644.76,2.5,KCHI
SHGA250923,675.38,0.8,KCHI
SHGA250923,676.8,0.76,KCHI
SHGA250923,680.7,2.22,KCHI
SHGA250923,683.04,1.52,OCH
SHGA250923,686.92,2.9,KCHI
SHGA250923,691.28,0.84,KCHI
SHGA250923,695.2,2.38,KCHI
SHGA250923,697.94,1.78,KCHI
SHGA250923,702.22,0.56,FEM
SHGA250923,704.18,0.28,FEM
SHGA250923,706.68,1.2,FEM
SHGA250923,708.22,0.66,KCHI
SHGA250923,709.92,0.4,FEM
SHGA250923,711.62,0.8,FEM
SHGA250923,712.78,0.24,KCHI
SHGA250923,713.32,0.8,FEM
SHGA250923,714.22,0.9,KCHI
SHGA250923,716.3,0.1,FEM
SHGA250923,717.48,2.9,KCHI
SHGA250923,720.6,0.8,FEM
SHGA250923,722.54,0.94,FEM
SHGA250923,723.66,1.58,KCHI
SHGA250923,725.24,0.92,FEM
SHGA250923,726.3,2.04,KCHI
SHGA250923,728.88,1.6,KCHI
SHGA250923,730.38,1.44,FEM
SHGA250923,731.96,0.84,KCHI
SHGA250923,732.98,0.38,FEM
SHGA250923,736.4,1.8,KCHI
SHGA250923,737.72,1.54,FEM
SHGA250923,739.24,1.58,KCHI
SHGA250923,742.66,0.54,OCH
SHGA250923,743.34,0.26,FEM
SHGA250923,743.42,0.66,KCHI
SHGA250923,744.26,3.1,KCHI
SHGA250923,747.92,0.32,KCHI
SHGA250923,750.02,0.16,KCHI
SHGA250923,751.28,1.3,KCHI
SHGA250923,753.42,0.38,KCHI
SHGA250923,753.92,0.26,KCHI
SHGA250923,754.32,0.34,KCHI
SHGA250923,754.78,0.1,FEM
SHGA250923,755.36,0.22,KCHI
SHGA250923,756.1,4.08,KCHI
SHGA250923,761.6,1.28,FEM
SHGA250923,763.66,1.64,KCHI
SHGA250923,765.38,1.2,OCH
SHGA250923,766.58,1.56,KCHI
SHGA250923,766.7,0.52,OCH
SHGA250923,767.86,0.28,OCH
SHGA250923,768.4,1.7,KCHI
SHGA250923,777.86,1.66,KCHI
SHGA250923,780.08,0.9,FEM
SHGA250923,781.98,0.22,KCHI
SHGA250923,782.96,0.96,FEM
SHGA250923,784.06,0.26,KCHI
SHGA250923,785.22,2.82,FEM
SHGA250923,792.02,1.64,FEM
SHGA250923,792.28,2.36,KCHI
SHGA250923,795.64,0.36,KCHI
SHGA250923,801.92,2.68,KCHI
SHGA250923,804.56,3.84,FEM
SHGA250923,805.32,0.26,KCHI
SHGA250923,806.12,0.28,KCHI
SHGA250923,806.96,0.36,KCHI
SHGA250923,807.44,1.54,KCHI
SHGA250923,810.14,2.34,KCHI
SHGA250923,812.6,1.88,KCHI
SHGA250923,813.94,1.96,FEM
SHGA250923,815.46,1.14,KCHI
SHGA250923,816.82,1.54,KCHI
SHGA250923,817.96,3.46,FEM
SHGA250923,822.16,1.7,FEM
SHGA250923,828.9,0.1,FEM
SHGA250923,830.26,1.56,FEM
SHGA250923,836.72,0.96,FEM
SHGA250923,837.98,3.4,FEM
SHGA250923,838.3,0.54,KCHI
SHGA250923,845.22,0.72,KCHI
SHGA250923,848.92,3.54,FEM
SHGA250923,850.94,0.66,KCHI
SHGA250923,851.84,2.26,KCHI
SHGA250923,853.3,0.66,FEM
SHGA250923,855.22,0.68,KCHI
SHGA250923,855.98,1.22,FEM
SHGA250923,856.52,0.12,KCHI
SHGA250923,856.9,0.96,KCHI
SHGA250923,858.04,0.82,FEM
SHGA250923,858.86,1.68,KCHI
SHGA250923,860.56,0.7,FEM
SHGA250923,863.66,3.98,OCH
SHGA250923,867.64,1.4,FEM
SHGA250923,869.24,1.76,KCHI
SHGA250923,870.48,3.96,FEM
SHGA250923,872.4,6.34,KCHI
SHGA250923,879.78,2.84,FEM
SHGA250923,885.82,1.72,FEM
SHGA250923,889.66,0.38,MAL
SHGA250923,891.88,0.9,KCHI
SHGA250923,893.12,1.58,FEM
SHGA250923,899.48,6.42,FEM
SHGA250923,900.84,1.52,KCHI
SHGA250923,904.18,1.54,KCHI
SHGA250923,906.0,4.16,FEM
SHGA250923,910.02,0.66,KCHI
SHGA250923,910.76,0.92,FEM
SHGA250923,911.98,2.5,FEM
SHGA250923,914.96,0.44,FEM
SHGA250923,915.58,0.52,FEM
SHGA250923,916.4,1.3,FEM
SHGA250923,918.32,2.04,FEM
SHGA250923,920.86,2.8,FEM
SHGA250923,924.82,2.02,MAL
SHGA250923,927.34,0.84,MAL
SHGA250923,929.24,0.26,KCHI
SHGA250923,929.62,0.3,MAL
SHGA250923,935.3,0.52,MAL
SHGA250923,935.82,3.92,FEM
SHGA250923,940.46,0.78,MAL
SHGA250923,945.66,1.04,MAL
SHGA250923,947.72,1.78,MAL
SHGA250923,951.46,2.2,FEM
SHGA250923,959.18,0.14,OCH
SHGA250923,962.5,0.62,OCH
SHGA250923,1004.92,0.44,KCHI
SHGA250923,1006.22,0.72,KCHI
SHGA250923,1007.44,1.38,KCHI
SHGA250923,1031.96,0.46,OCH
SHGA250923,1032.66,2.14,OCH
SHGA250923,1034.8,0.28,KCHI
SHGA250923,1035.84,2.94,KCHI
SHGA250923,1038.94,0.6,KCHI
SHGA250923,1041.4,1.36,FEM
SHGA250923,1043.16,0.6,FEM
SHGA250923,1044.36,2.16,FEM
SHGA250923,1047.78,2.62,FEM
SHGA250923,1051.26,0.46,FEM
SHGA250923,1054.24,0.46,KCHI
SHGA250923,1054.7,0.34,FEM
SHGA250923,1056.6,0.86,KCHI
SHGA250923,1057.4,0.38,FEM
SHGA250923,1062.66,3.5,FEM
SHGA250923,1067.56,1.72,FEM
SHGA250923,1069.44,0.32,KCHI
SHGA250923,1070.62,3.0,FEM
SHGA250923,1074.36,3.3,FEM
SHGA250923,1078.28,2.94,FEM
SHGA250923,1081.68,3.96,FEM
SHGA250923,1086.22,0.32,FEM
SHGA250923,1086.54,2.02,MAL
SHGA250923,1086.66,0.14,FEM
SHGA250923,1087.1,0.14,FEM
SHGA250923,1087.68,0.34,FEM
SHGA250923,1090.16,3.16,FEM
SHGA250923,1093.96,2.6,FEM
SHGA250923,1097.94,0.76,FEM
SHGA250923,1099.22,2.1,FEM
SHGA250923,1102.54,1.54,FEM
SHGA250923,1104.24,1.02,FEM
SHGA250923,1106.2,0.24,FEM
SHGA250923,1107.8,0.92,KCHI
SHGA250923,1108.74,0.72,FEM
SHGA250923,1118.38,3.98,FEM
SHGA250923,1132.76,0.82,KCHI
SHGA250923,1134.3,0.38,FEM
SHGA250923,1134.82,0.74,KCHI
SHGA250923,1135.98,2.3,FEM
SHGA250923,1142.26,0.8,FEM
SHGA250923,1143.96,1.52,KCHI
SHGA250923,1144.18,2.96,FEM
SHGA250923,1145.66,0.58,KCHI
SHGA250923,1147.94,2.28,FEM
SHGA250923,1148.28,0.58,KCHI
SHGA250923,1150.22,0.7,KCHI
SHGA250923,1152.02,2.18,FEM
SHGA250923,1152.82,0.58,KCHI
SHGA250923,1158.92,1.18,KCHI
SHGA250923,1158.96,1.58,FEM
SHGA250923,1160.32,1.84,KCHI
SHGA250923,1162.28,0.9,FEM
SHGA250923,1164.84,3.18,FEM
SHGA250923,1165.3,0.8,KCHI
SHGA250923,1168.92,1.2,FEM
SHGA250923,1172.46,0.84,KCHI
SHGA250923,1174.1,3.7,FEM
SHGA250923,1178.86,2.3,FEM
SHGA250923,1182.22,1.84,FEM
SHGA250923,1185.22,1.64,FEM
SHGA250923,1188.24,0.7,FEM
SHGA250923,1191.68,0.52,KCHI
SHGA250923,1200.04,0.8,OCH
SHGA250923,1206.2,0.98,KCHI
SHGA250923,1212.86,0.64,KCHI
SHGA250923,1213.9,2.06,FEM
SHGA250923,1216.48,1.4,FEM
SHGA250923,1221.86,0.96,KCHI
SHGA250923,1223.14,1.16,MAL
SHGA250923,1225.28,0.56,MAL
SHGA250923,1225.84,1.9,FEM
SHGA250923,1226.9,0.88,KCHI
SHGA250923,1228.5,2.36,FEM
SHGA250923,1231.0,2.36,FEM
SHGA250923,1234.22,2.84,FEM
SHGA250923,1237.24,1.46,FEM
SHGA250923,1241.76,0.28,KCHI
SHGA250923,1243.14,2.92,FEM
SHGA250923,1247.68,1.74,FEM
SHGA250923,1251.22,1.84,KCHI
SHGA250923,1257.68,2.38,FEM
SHGA250923,1260.32,0.94,KCHI
SHGA250923,1267.8,1.04,KCHI
SHGA250923,1277.58,1.26,FEM
SHGA250923,1280.56,1.9,FEM
SHGA250923,1284.16,1.38,FEM
SHGA250923,1285.54,1.86,KCHI
SHGA250923,1291.34,1.98,KCHI
SHGA250923,1293.5,1.72,KCHI
SHGA250923,1297.36,0.12,KCHI
SHGA250923,1311.34,0.9,KCHI
SHGA250923,1321.66,1.72,MAL
SHGA250923,1324.36,3.36,FEM
SHGA250923,1328.34,3.4,FEM
SHGA250923,1331.9,1.26,FEM
SHGA250923,1333.3,0.4,KCHI
SHGA250923,1333.76,0.92,FEM
SHGA250923,1334.8,0.4,KCHI
SHGA250923,1335.28,0.74,FEM
SHGA250923,1336.44,0.52,FEM
SHGA250923,1337.28,0.76,FEM
SHGA250923,1337.86,1.56,KCHI
SHGA250923,1340.0,7.38,KCHI
SHGA250923,1347.54,0.3,KCHI
SHGA250923,1348.18,0.34,KCHI
SHGA250923,1354.94,0.74,KCHI
SHGA250923,1361.16,2.88,KCHI
SHGA250923,1372.02,0.36,OCH
SHGA250923,1399.62,1.08,KCHI
SHGA250923,1401.56,3.38,KCHI
SHGA250923,1406.42,1.62,MAL
SHGA250923,1408.92,1.66,FEM
SHGA250923,1410.5,0.46,MAL
SHGA250923,1411.0,0.36,KCHI
SHGA250923,1411.6,4.5,FEM
SHGA250923,1411.76,1.04,KCHI
SHGA250923,1413.16,1.06,KCHI
SHGA250923,1416.88,3.14,OCH
SHGA250923,1420.5,0.36,OCH
SHGA250923,1424.84,1.96,FEM
SHGA250923,1426.84,0.16,KCHI
SHGA250923,1428.7,0.12,FEM
SHGA250923,1431.9,0.9,MAL
SHGA250923,1434.4,1.76,FEM
SHGA250923,1434.98,0.66,KCHI
SHGA250923,1435.8,0.98,KCHI
SHGA250923,1438.66,1.08,MAL
SHGA250923,1440.8,1.74,FEM
SHGA250923,1442.56,0.76,KCHI
SHGA250923,1443.86,0.42,FEM
SHGA250923,1446.12,0.86,KCHI
SHGA250923,1447.12,1.54,FEM
SHGA250923,1447.88,1.9,KCHI
SHGA250923,1451.2,3.02,KCHI
SHGA250923,1455.74,3.74,KCHI
SHGA250923,1460.66,0.26,FEM
SHGA250923,1461.32,1.26,KCHI
SHGA250923,1463.54,2.36,FEM
SHGA250923,1464.54,0.22,KCHI
SHGA250923,1464.94,0.3,KCHI
SHGA250923,1465.88,6.34,KCHI
SHGA250923,1474.56,0.28,KCHI
SHGA250923,1475.12,0.52,KCHI
SHGA250923,1475.92,0.66,KCHI
SHGA250923,1478.36,1.02,OCH
SHGA250923,1485.14,0.68,KCHI
SHGA250923,1491.9,0.22,KCHI
SHGA250923,1504.44,0.82,KCHI
SHGA250923,1505.74,0.56,KCHI
SHGA250923,1507.22,3.92,FEM
SHGA250923,1512.4,0.32,KCHI
SHGA250923,1521.24,0.24,OCH
SHGA250923,1521.76,0.18,OCH
SHGA250923,1522.38,1.96,OCH
SHGA250923,1524.34,0.12,KCHI
SHGA250923,1542.34,0.16,FEM
SHGA250923,1546.78,13.6,KCHI
SHGA250923,1560.16,1.06,OCH
SHGA250923,1561.74,1.72,OCH
SHGA250923,1561.82,0.44,KCHI
SHGA250923,1563.6,0.54,OCH
SHGA250923,1564.36,3.76,OCH
SHGA250923,1570.4,0.14,OCH
SHGA250923,1571.14,0.12,OCH
SHGA250923,1575.86,0.22,KCHI
SHGA250923,1576.68,0.32,MAL
SHGA250923,1578.54,0.98,MAL
SHGA250923,1584.04,0.6,KCHI
SHGA250923,1584.74,0.5,KCHI
SHGA250923,1585.6,1.56,KCHI
SHGA250923,1588.28,0.58,KCHI
SHGA250923,1589.44,5.1,KCHI
SHGA250923,1595.98,0.68,KCHI
SHGA250923,1599.96,3.4,OCH
SHGA250923,1605.74,0.96,FEM
SHGA250923,1607.18,0.6,KCHI
SHGA250923,1607.94,3.96,FEM
SHGA250923,1611.9,0.9,OCH
SHGA250923,1612.02,3.86,KCHI
SHGA250923,1616.08,0.54,KCHI
SHGA250923,1616.74,2.16,FEM
SHGA250923,1616.8,0.26,KCHI
SHGA250923,1619.12,3.84,FEM
SHGA250923,1624.78,1.08,FEM
SHGA250923,1625.98,5.5,KCHI
SHGA250923,1631.8,3.66,KCHI
SHGA250923,1635.78,1.08,KCHI
SHGA250923,1637.64,1.26,KCHI
SHGA250923,1639.46,0.56,KCHI
SHGA250923,1640.6,0.94,KCHI
SHGA250923,1643.04,0.26,KCHI
SHGA250923,1643.6,0.22,KCHI
SHGA250923,1644.94,1.16,KCHI
SHGA250923,1647.72,9.12,KCHI
SHGA250923,1657.78,0.78,KCHI
SHGA250923,1659.12,0.3,KCHI
SHGA250923,1659.66,0.46,KCHI
SHGA250923,1660.08,0.56,FEM
SHGA250923,1662.38,2.44,FEM
SHGA250923,1664.82,0.98,MAL
SHGA250923,1666.02,2.5,FEM
SHGA250923,1668.56,0.24,MAL
SHGA250923,1669.4,0.2,FEM
SHGA250923,1669.82,3.92,FEM
SHGA250923,1672.72,0.22,KCHI
SHGA250923,1673.04,0.28,KCHI
SHGA250923,1673.42,0.76,KCHI
SHGA250923,1677.0,2.56,KCHI
SHGA250923,1681.84,0.2,KCHI
SHGA250923,1682.6,1.94,KCHI
SHGA250923,1684.72,0.6,FEM
SHGA250923,1686.72,1.14,KCHI
SHGA250923,1688.16,2.82,KCHI
SHGA250923,1691.5,2.4,FEM
SHGA250923,1695.16,0.64,FEM
SHGA250923,1696.14,1.98,MAL
SHGA250923,1709.58,1.02,OCH
SHGA250923,1711.12,0.28,KCHI
SHGA250923,1713.68,0.62,KCHI
SHGA250923,1714.3,0.64,FEM
SHGA250923,1715.38,3.1,KCHI
SHGA250923,1718.72,1.38,KCHI
SHGA250923,1720.4,1.56,KCHI
SHGA250923,1722.06,0.6,FEM
SHGA250923,1725.04,1.44,FEM
SHGA250923,1727.72,1.28,FEM
SHGA250923,1737.4,0.68,KCHI
SHGA250923,1740.06,0.54,KCHI
SHGA250923,1741.12,1.76,KCHI
SHGA250923,1743.26,1.3,KCHI
SHGA250923,1745.16,0.78,KCHI
SHGA250923,1751.34,0.96,KCHI
SHGA250923,1753.62,1.1,FEM
SHGA250923,1755.3,0.86,MAL
SHGA250923,1757.3,0.82,FEM
SHGA250923,1779.06,1.94,KCHI
SHGA250923,1789.04,0.8,KCHI
SHGA250923,1799.3,0.84,FEM
SHGA250923,1801.86,0.66,KCHI
SHGA250923,1808.7,0.66,KCHI
SHGA250923,1817.72,1.06,KCHI
SHGA250923,1830.1,2.6,FEM
SHGA250923,1831.66,2.44,KCHI
SHGA250923,1834.18,1.84,FEM
SHGA250923,1850.7,0.72,FEM
SHGA250923,1853.1,0.66,FEM
SHGA250923,1862.52,0.64,KCHI
SHGA250923,1874.74,0.86,KCHI
SHGA250923,1894.8,0.92,OCH
SHGA250923,1926.5,0.5,KCHI
SHGA250923,1931.88,0.9,KCHI
SHGA250923,1935.2,0.62,FEM
SHGA250923,1938.54,2.06,FEM
SHGA250923,1941.66,0.58,FEM
SHGA250923,1957.0,0.44,MAL
SHGA250923,1958.16,1.44,FEM
SHGA250923,1963.0,1.02,KCHI
SHGA250923,1971.62,0.86,KCHI
SHGA250923,2011.18,0.92,KCHI
SHGA250923,2025.82,1.18,KCHI
SHGA250923,2058.68,1.14,KCHI
SHGA250923,2064.92,0.7,FEM
SHGA250923,2067.36,0.62,FEM
SHGA250923,2077.56,1.6,FEM
SHGA250923,2084.28,1.52,FEM
SHGA250923,2087.9,0.16,KCHI
SHGA250923,2088.22,0.12,KCHI
SHGA250923,2088.38,1.42,FEM
SHGA250923,2088.8,0.12,KCHI
SHGA250923,2089.72,1.68,KCHI
SHGA250923,2091.36,1.44,FEM
SHGA250923,2092.9,1.0,KCHI
SHGA250923,2094.2,0.22,KCHI
SHGA250923,2094.38,1.88,FEM
SHGA250923,2096.28,0.74,KCHI
SHGA250923,2096.98,0.48,FEM
SHGA250923,2098.54,0.16,FEM
SHGA250923,2098.8,0.7,FEM
SHGA250923,2101.44,0.24,FEM
SHGA250923,2103.14,1.12,KCHI
SHGA250923,2104.46,0.72,MAL
SHGA250923,2105.26,0.24,KCHI
SHGA250923,2106.5,1.58,FEM
SHGA250923,2109.4,0.22,KCHI
SHGA250923,2109.5,1.9,FEM
SHGA250923,2113.82,0.72,KCHI
SHGA250923,2115.26,1.08,KCHI
SHGA250923,2117.56,0.66,KCHI
SHGA250923,2118.52,0.28,KCHI
SHGA250923,2119.56,0.46,KCHI
SHGA250923,2120.12,0.34,MAL
SHGA250923,2129.66,0.28,MAL
SHGA250923,2130.0,1.5,FEM
SHGA250923,2132.38,0.76,FEM
SHGA250923,2133.52,1.38,KCHI
SHGA250923,2134.36,0.82,FEM
SHGA250923,2135.06,1.16,KCHI
SHGA250923,2136.92,0.3,KCHI
SHGA250923,2137.26,0.32,FEM
SHGA250923,2138.6,0.38,FEM
SHGA250923,2140.14,0.52,KCHI
SHGA250923,2141.36,4.46,FEM
SHGA250923,2147.68,1.7,MAL
SHGA250923,2149.62,1.96,FEM
SHGA250923,2156.1,1.26,FEM
SHGA250923,2165.34,2.2,FEM
SHGA250923,2167.8,0.26,FEM
SHGA250923,2168.86,0.24,FEM
SHGA250923,2170.32,0.98,FEM
SHGA250923,2172.8,0.28,KCHI
SHGA250923,2174.78,1.84,FEM
SHGA250923,2177.42,0.22,KCHI
SHGA250923,2179.3,0.2,MAL
SHGA250923,2179.52,0.98,FEM
SHGA250923,2180.52,0.52,MAL
SHGA250923,2181.42,0.38,KCHI
SHGA250923,2181.98,2.02,FEM
SHGA250923,2185.1,0.5,MAL
SHGA250923,2189.64,0.88,FEM
SHGA250923,2191.24,1.74,MAL
SHGA250923,2193.94,2.3,FEM
SHGA250923,2198.86,1.96,FEM
SHGA250923,2203.1,0.34,KCHI
SHGA250923,2203.4,1.86,FEM
SHGA250923,2206.3,0.52,KCHI
SHGA250923,2207.04,1.0,KCHI
SHGA250923,2207.04,1.04,FEM
SHGA250923,2211.22,1.5,FEM
SHGA250923,2212.88,3.06,FEM
SHGA250923,2216.68,0.18,KCHI
SHGA250923,2216.72,1.9,FEM
SHGA250923,2219.66,0.74,KCHI
SHGA250923,2223.38,2.72,FEM
SHGA250923,2228.0,0.8,MAL
SHGA250923,2228.96,0.94,FEM
SHGA250923,2238.08,5.42,FEM
SHGA250923,2250.7,0.86,FEM
SHGA250923,2261.14,2.02,MAL
SHGA250923,2265.84,2.04,KCHI
SHGA250923,2270.62,0.7,MAL
SHGA250923,2272.0,1.5,MAL
SHGA250923,2278.52,0.12,MAL
SHGA250923,2279.18,2.5,FEM
SHGA250923,2281.0,1.16,KCHI
SHGA250923,2285.38,0.28,FEM
SHGA250923,2286.3,2.2,FEM
SHGA250923,2288.98,1.34,FEM
SHGA250923,2290.78,0.48,FEM
SHGA250923,2291.28,0.8,MAL
SHGA250923,2292.48,0.52,FEM
SHGA250923,2294.54,0.42,MAL
SHGA250923,2301.28,1.3,FEM
SHGA250923,2303.32,0.48,MAL
SHGA250923,2304.82,1.14,FEM
SHGA250923,2308.64,0.4,MAL
SHGA250923,2315.78,1.84,FEM
SHGA250923,2318.86,0.32,FEM
SHGA250923,2319.32,1.02,MAL
SHGA250923,2320.34,1.34,FEM
SHGA250923,2324.36,2.46,FEM
SHGA250923,2326.98,1.02,FEM
SHGA250923,2328.68,0.56,MAL
SHGA250923,2333.04,1.08,FEM
SHGA250923,2334.64,1.62,MAL
SHGA250923,2337.14,0.94,MAL
SHGA250923,2338.94,2.56,FEM
SHGA250923,2348.36,1.12,FEM
SHGA250923,2353.82,1.22,MAL
SHGA250923,2355.08,0.9,FEM
SHGA250923,2356.16,1.7,FEM
SHGA250923,2364.62,0.7,MAL
SHGA250923,2365.4,0.46,KCHI
SHGA250923,2367.92,0.18,MAL
SHGA250923,2368.1,0.2,FEM
SHGA250923,2372.08,0.92,FEM
SHGA250923,2373.3,0.9,FEM
SHGA250923,2375.68,1.48,FEM
SHGA250923,2378.6,1.68,FEM
SHGA250923,2381.42,0.62,FEM
SHGA250923,2384.8,1.56,MAL
SHGA250923,2388.0,0.56,FEM
SHGA250923,2390.86,3.82,FEM
SHGA250923,2394.1,0.5,MAL
SHGA250923,2394.84,2.94,FEM
SHGA250923,2401.12,0.46,MAL
SHGA250923,2403.62,0.3,MAL
SHGA250923,2414.74,0.42,KCHI
SHGA250923,2418.1,2.9,FEM
SHGA250923,2421.28,2.18,FEM
SHGA250923,2424.0,2.14,FEM
SHGA250923,2427.88,1.64,FEM
SHGA250923,2428.68,0.76,KCHI
SHGA250923,2431.66,0.56,KCHI
SHGA250923,2432.26,0.4,MAL
SHGA250923,2432.8,2.16,FEM
SHGA250923,2432.92,1.04,KCHI
SHGA250923,2435.88,0.58,KCHI
SHGA250923,2436.02,1.14,FEM
SHGA250923,2439.4,2.94,FEM
SHGA250923,2442.52,0.7,KCHI
SHGA250923,2443.72,1.14,KCHI
SHGA250923,2449.4,0.68,KCHI
SHGA250923,2451.3,0.32,KCHI
SHGA250923,2452.44,2.78,FEM
SHGA250923,2456.56,1.22,FEM
SHGA250923,2457.82,0.42,KCHI
SHGA250923,2459.36,0.28,FEM
SHGA250923,2459.64,1.34,MAL
SHGA250923,2461.12,1.9,FEM
SHGA250923,2463.68,1.06,FEM
SHGA250923,2465.46,0.88,FEM
SHGA250923,2467.6,1.02,FEM
SHGA250923,2469.96,1.42,FEM
SHGA250923,2472.32,2.06,FEM
SHGA250923,2474.82,1.04,FEM
SHGA250923,2477.26,0.42,KCHI
SHGA250923,2486.24,0.64,OCH
SHGA250923,2489.92,0.86,MAL
SHGA250923,2490.6,2.22,FEM
SHGA250923,2490.92,0.3,MAL
SHGA250923,2492.52,2.52,KCHI
SHGA250923,2497.54,0.88,FEM
SHGA250923,2499.48,1.98,FEM
SHGA250923,2504.52,2.82,FEM
SHGA250923,2508.52,0.82,KCHI
SHGA250923,2509.34,1.26,FEM
SHGA250923,2510.66,0.72,MAL
SHGA250923,2517.76,0.26,KCHI
SHGA250923,2528.6,2.68,FEM
SHGA250923,2533.92,1.34,FEM
SHGA250923,2537.52,0.34,KCHI
SHGA250923,2539.42,0.92,MAL
SHGA250923,2547.2,1.34,FEM
SHGA250923,2551.18,1.82,FEM
SHGA250923,2553.44,2.84,FEM
SHGA250923,2556.66,1.48,FEM
SHGA250923,2563.32,0.64,MAL
SHGA250923,2567.36,1.3,MAL
SHGA250923,2568.66,0.54,KCHI
SHGA250923,2568.94,2.62,FEM
SHGA250923,2572.16,1.68,KCHI
SHGA250923,2573.82,1.24,FEM
SHGA250923,2576.18,2.06,KCHI
SHGA250923,2578.5,1.7,KCHI
SHGA250923,2581.54,1.02,KCHI
SHGA250923,2581.98,3.74,FEM
SHGA250923,2584.56,0.44,KCHI
SHGA250923,2585.26,0.56,KCHI
SHGA250923,2585.98,2.76,FEM
SHGA250923,2586.44,1.54,KCHI
SHGA250923,2589.5,1.48,KCHI
SHGA250923,2592.0,0.78,FEM
SHGA250923,2592.74,0.5,KCHI
SHGA250923,2595.86,0.44,MAL
SHGA250923,2598.4,0.2,MAL
SHGA250923,2602.08,0.52,KCHI
SHGA250923,2603.76,2.6,OCH
SHGA250923,2607.36,0.38,OCH
SHGA250923,2607.96,2.1,OCH
SHGA250923,2610.18,0.12,OCH
SHGA250923,2611.02,0.14,OCH
SHGA250923,2611.38,0.5,OCH
SHGA250923,2612.02,0.2,OCH
SHGA250923,2619.28,0.28,KCHI
SHGA250923,2619.84,7.22,KCHI
SHGA250923,2627.64,0.38,KCHI
SHGA250923,2628.44,0.38,KCHI
SHGA250923,2629.4,0.26,MAL
SHGA250923,2631.64,0.16,OCH
SHGA250923,2632.06,2.7,OCH
SHGA250923,2634.76,4.48,KCHI
SHGA250923,2645.54,0.18,KCHI
SHGA250923,2645.74,1.56,FEM
SHGA250923,2646.88,0.22,KCHI
SHGA250923,2647.52,0.5,KCHI
SHGA250923,2648.36,0.44,KCHI
SHGA250923,2650.4,0.28,KCHI
SHGA250923,2656.02,0.24,OCH
SHGA250923,2656.32,0.18,MAL
SHGA250923,2656.88,0.12,OCH
SHGA250923,2657.22,0.18,OCH
SHGA250923,2659.88,3.56,KCHI
SHGA250923,2662.62,0.72,FEM
SHGA250923,2664.26,1.06,KCHI
SHGA250923,2666.6,2.62,KCHI
SHGA250923,2669.22,0.56,FEM
SHGA250923,2669.72,0.86,KCHI
SHGA250923,2671.0,1.1,FEM
SHGA250923,2672.2,0.36,KCHI
SHGA250923,2672.9,1.46,MAL
SHGA250923,2674.7,0.6,KCHI
SHGA250923,2675.92,0.32,KCHI
SHGA250923,2678.54,0.26,MAL
SHGA250923,2693.46,0.26,MAL
SHGA250923,2695.46,0.16,KCHI
SHGA250923,2695.62,0.6,FEM
SHGA250923,2697.88,1.66,FEM
SHGA250923,2700.78,1.64,FEM
SHGA250923,2702.9,0.32,KCHI
SHGA250923,2706.5,0.96,MAL
SHGA250923,2709.5,0.88,FEM
SHGA250923,2710.44,0.16,OCH
SHGA250923,2710.92,0.32,MAL
SHGA250923,2711.98,1.6,FEM
SHGA250923,2716.48,2.74,FEM
SHGA250923,2719.44,0.96,KCHI
SHGA250923,2722.94,1.1,FEM
SHGA250923,2724.92,2.22,FEM
SHGA250923,2727.34,0.16,MAL
SHGA250923,2727.62,1.78,FEM
SHGA250923,2729.44,0.26,MAL
SHGA250923,2729.84,0.12,MAL
SHGA250923,2735.44,2.66,FEM
SHGA250923,2741.28,6.68,KCHI
SHGA250923,2750.64,2.1,MAL
SHGA250923,2752.62,0.36,OCH
SHGA250923,2754.16,1.16,KCHI
SHGA250923,2756.64,0.16,KCHI
SHGA250923,2758.14,3.98,OCH
SHGA250923,2760.14,0.12,FEM
SHGA250923,2762.34,0.88,FEM
SHGA250923,2764.2,1.12,MAL
SHGA250923,2768.7,0.28,OCH
SHGA250923,2769.26,1.72,FEM
SHGA250923,2771.32,1.0,KCHI
SHGA250923,2771.84,1.24,FEM
SHGA250923,2774.06,1.72,KCHI
SHGA250923,2775.74,2.3,FEM
SHGA250923,2778.28,3.74,KCHI
SHGA250923,2782.38,0.8,OCH
SHGA250923,2784.4,0.66,OCH
SHGA250923,2788.28,1.44,KCHI
SHGA250923,2791.3,2.52,KCHI
SHGA250923,2794.36,0.36,FEM
SHGA250923,2794.36,3.58,KCHI
SHGA250923,2798.12,1.36,KCHI
SHGA250923,2800.36,1.32,FEM
SHGA250923,2801.92,0.28,KCHI
SHGA250923,2803.42,2.48,KCHI
SHGA250923,2806.7,0.22,KCHI
SHGA250923,2808.36,1.58,KCHI
SHGA250923,2810.26,1.22,OCH
SHGA250923,2811.8,1.98,KCHI
SHGA250923,2812.36,0.58,OCH
SHGA250923,2815.54,0.12,FEM
SHGA250923,2817.84,3.6,KCHI
SHGA250923,2825.06,0.74,FEM
SHGA250923,2827.16,1.48,FEM
SHGA250923,2828.76,1.02,KCHI
SHGA250923,2833.76,3.98,KCHI
SHGA250923,2838.5,0.52,FEM
SHGA250923,2839.16,0.72,FEM
SHGA250923,2839.68,1.92,KCHI
SHGA250923,2841.62,1.4,FEM
SHGA250923,2843.06,1.32,KCHI
SHGA250923,2843.36,3.4,FEM
SHGA250923,2844.72,2.18,KCHI
SHGA250923,2848.5,0.38,KCHI
SHGA250923,2849.26,0.84,KCHI
SHGA250923,2850.28,2.02,FEM
SHGA250923,2853.22,1.36,FEM
SHGA250923,2854.14,1.26,KCHI
SHGA250923,2855.6,2.3,FEM
SHGA250923,2856.2,0.96,KCHI
SHGA250923,2857.82,0.38,KCHI
SHGA250923,2858.18,2.48,FEM
SHGA250923,2858.88,0.62,KCHI
SHGA250923,2860.5,1.44,KCHI
SHGA250923,2861.14,1.92,FEM
SHGA250923,2861.62,1.44,OCH
SHGA250923,2863.48,1.4,KCHI
SHGA250923,2863.68,1.14,OCH
SHGA250923,2865.28,2.98,FEM
SHGA250923,2866.96,1.06,KCHI
SHGA250923,2868.62,1.24,KCHI
SHGA250923,2869.58,0.38,FEM
SHGA250923,2870.58,1.22,KCHI
SHGA250923,2871.4,1.2,FEM
SHGA250923,2873.66,1.88,FEM
SHGA250923,2875.42,1.12,KCHI
SHGA250923,2876.86,1.42,KCHI
SHGA250923,2878.36,1.66,OCH
SHGA250923,2879.98,1.18,KCHI
SHGA250923,2881.32,0.2,FEM
SHGA250923,2881.52,1.74,OCH
SHGA250923,2883.3,2.74,KCHI
SHGA250923,2884.84,0.12,FEM
SHGA250923,2889.6,0.46,FEM
SHGA250923,2894.4,1.08,FEM
SHGA250923,2896.22,1.22,FEM
SHGA250923,2899.06,2.12,OCH
SHGA250923,2905.56,0.82,KCHI
SHGA250923,2906.48,5.6,FEM
SHGA250923,2913.08,0.28,FEM
SHGA250923,2914.32,1.92,FEM
SHGA250923,2916.36,0.22,KCHI
SHGA250923,2916.54,1.0,FEM
SHGA250923,2917.5,0.96,OCH
SHGA250923,2918.46,1.12,FEM
SHGA250923,2919.32,2.56,KCHI
SHGA250923,2921.56,2.34,FEM
SHGA250923,2922.7,2.52,KCHI
SHGA250923,2925.22,0.84,FEM
SHGA250923,2926.02,1.56,KCHI
SHGA250923,2927.56,3.66,FEM
SHGA250923,2928.9,0.18,KCHI
SHGA250923,2929.28,0.54,KCHI
SHGA250923,2930.92,1.62,KCHI
SHGA250923,2932.22,2.94,FEM
SHGA250923,2935.12,1.56,KCHI
SHGA250923,2937.36,1.16,KCHI
SHGA250923,2939.1,0.52,KCHI
SHGA250923,2940.6,0.62,KCHI
SHGA250923,2944.42,0.78,FEM
SHGA250923,2947.98,0.8,KCHI
SHGA250923,2949.98,2.24,FEM
SHGA250923,2953.26,1.92,KCHI
SHGA250923,2957.14,0.98,FEM
SHGA250923,2958.6,2.36,FEM
SHGA250923,2961.0,0.46,KCHI
SHGA250923,2961.32,0.18,FEM
SHGA250923,2961.86,0.28,KCHI
SHGA250923,2962.86,1.28,FEM
SHGA250923,2965.14,1.46,FEM
SHGA250923,2968.44,0.64,KCHI
SHGA250923,2969.54,0.2,FEM
SHGA250923,2970.0,0.3,FEM
SHGA250923,2970.76,1.12,KCHI
SHGA250923,2971.36,1.7,FEM
SHGA250923,2973.76,1.04,FEM
SHGA250923,2978.8,0.66,FEM
SHGA250923,2984.38,0.88,KCHI
SHGA250923,2986.0,2.92,KCHI
SHGA250923,2989.94,0.7,KCHI
SHGA250923,2991.52,1.14,FEM
SHGA250923,2992.82,0.14,KCHI
SHGA250923,2993.82,0.22,MAL
SHGA250923,2994.06,0.12,FEM
SHGA250923,2994.22,1.02,MAL
SHGA250923,2996.56,0.32,MAL
SHGA250923,2996.94,0.36,KCHI
SHGA250923,2997.54,0.48,MAL
SHGA250923,2998.02,1.88,FEM
SHGA250923,3000.2,0.72,FEM
SHGA250923,3000.92,1.14,MAL
SHGA250923,3003.02,1.88,MAL
SHGA250923,3004.9,1.2,FEM
SHGA250923,3008.76,0.12,KCHI
SHGA250923,3012.5,0.22,FEM
SHGA250923,3014.44,0.56,KCHI
SHGA250923,3016.84,1.12,FEM
SHGA250923,3020.04,0.78,FEM
SHGA250923,3020.82,0.14,OCH
SHGA250923,3027.86,0.92,MAL
SHGA250923,3032.28,0.48,KCHI
SHGA250923,3036.16,1.56,MAL
SHGA250923,3037.12,0.42,KCHI
SHGA250923,3038.54,1.62,MAL
SHGA250923,3040.72,2.32,OCH
SHGA250923,3042.96,1.26,MAL
SHGA250923,3045.1,0.94,MAL
SHGA250923,3047.24,1.06,OCH
SHGA250923,3048.68,0.9,OCH
SHGA250923,3049.04,0.8,MAL
SHGA250923,3050.04,1.48,OCH
SHGA250923,3050.24,0.86,MAL
SHGA250923,3051.74,0.1,OCH
SHGA250923,3052.02,0.42,OCH
SHGA250923,3053.4,4.12,OCH
SHGA250923,3057.34,2.18,MAL
SHGA250923,3072.6,0.78,MAL
SHGA250923,3074.18,0.62,MAL
SHGA250923,3076.18,0.32,OCH
SHGA250923,3076.54,3.04,MAL
SHGA250923,3080.36,0.84,MAL
SHGA250923,3081.5,0.3,MAL
SHGA250923,3082.9,0.3,MAL
SHGA250923,3084.5,2.18,MAL
SHGA250923,3088.86,0.18,MAL
SHGA250923,3089.1,0.3,OCH
SHGA250923,3089.48,0.56,MAL
SHGA250923,3090.04,0.36,KCHI
SHGA250923,3090.4,0.22,MAL
SHGA250923,3090.84,0.54,OCH
SHGA250923,3091.56,1.64,KCHI
SHGA250923,3094.56,0.72,MAL
SHGA250923,3095.74,0.28,FEM
SHGA250923,3096.62,0.62,KCHI
SHGA250923,3099.16,1.26,FEM
SHGA250923,3099.56,0.18,MAL
SHGA250923,3101.58,1.38,MAL
SHGA250923,3103.38,0.4,MAL
SHGA250923,3108.96,1.86,FEM
SHGA250923,3113.72,2.62,FEM
SHGA250923,3120.36,0.74,MAL
SHGA250923,3121.88,1.04,MAL
SHGA250923,3122.64,0.52,OCH
SHGA250923,3124.3,0.78,MAL
SHGA250923,3125.1,2.58,FEM
SHGA250923,3127.46,0.46,MAL
SHGA250923,3132.26,2.96,FEM
SHGA250923,3132.36,1.2,KCHI
SHGA250923,3135.72,0.98,FEM
SHGA250923,3139.16,0.98,FEM
SHGA250923,3140.22,3.12,MAL
SHGA250923,3143.7,0.5,OCH
SHGA250923,3143.84,2.7,MAL
SHGA250923,3147.5,0.82,MAL
SHGA250923,3153.26,0.42,MAL
SHGA250923,3153.78,1.32,MAL
SHGA250923,3160.28,0.22,OCH
SHGA250923,3161.36,0.76,OCH
SHGA250923,3163.86,0.12,OCH
SHGA250923,3168.74,0.78,MAL
SHGA250923,3171.0,1.54,FEM
SHGA250923,3172.6,1.08,MAL
SHGA250923,3176.1,0.84,MAL
SHGA250923,3176.98,0.26,FEM
SHGA250923,3177.84,0.62,KCHI
SHGA250923,3178.44,1.58,FEM
SHGA250923,3179.56,0.76,KCHI
SHGA250923,3182.08,0.4,KCHI
SHGA250923,3183.76,0.22,FEM
SHGA250923,3187.98,0.58,KCHI
SHGA250923,3188.96,0.8,MAL
SHGA250923,3189.82,0.88,FEM
SHGA250923,3190.36,0.28,MAL
SHGA250923,3190.88,0.12,MAL
SHGA250923,3191.5,0.46,MAL
SHGA250923,3195.94,0.58,FEM
SHGA250923,3197.0,1.34,FEM
SHGA250923,3198.28,0.18,KCHI
SHGA250923,3198.76,0.24,KCHI
SHGA250923,3199.92,2.08,FEM
SHGA250923,3200.36,2.7,KCHI
SHGA250923,3204.12,0.9,FEM
SHGA250923,3204.14,0.82,KCHI
SHGA250923,3206.4,0.54,KCHI
SHGA250923,3207.66,0.22,KCHI
SHGA250923,3208.14,0.2,FEM
SHGA250923,3208.54,0.7,FEM
SHGA250923,3218.72,0.18,OCH
SHGA250923,3227.78,0.42,KCHI
SHGA250923,3229.14,0.28,KCHI
SHGA250923,3229.5,0.94,FEM
SHGA250923,3231.64,0.12,FEM
SHGA250923,3234.2,0.62,FEM
SHGA250923,3235.04,0.14,KCHI
SHGA250923,3235.74,0.26,KCHI
SHGA250923,3235.74,1.06,FEM
SHGA250923,3236.48,0.32,KCHI
SHGA250923,3237.52,1.06,KCHI
SHGA250923,3240.1,0.96,MAL
SHGA250923,3244.2,0.98,MAL
SHGA250923,3245.32,0.22,MAL
SHGA250923,3246.04,0.42,FEM
SHGA250923,3248.58,0.6,OCH
SHGA250923,3252.72,0.2,MAL
SHGA250923,3254.12,0.68,FEM
SHGA250923,3255.3,0.34,OCH
SHGA250923,3256.82,1.04,MAL
SHGA250923,3258.46,0.64,KCHI
SHGA250923,3259.62,0.66,KCHI
SHGA250923,3260.5,0.42,MAL
SHGA250923,3260.96,0.62,KCHI
SHGA250923,3263.28,0.32,KCHI
SHGA250923,3264.28,0.64,KCHI
SHGA250923,3264.94,0.5,FEM
SHGA250923,3266.36,0.6,KCHI
SHGA250923,3267.58,2.5,FEM
SHGA250923,3270.28,0.58,KCHI
SHGA250923,3271.1,1.9,FEM
SHGA250923,3272.16,0.92,KCHI
SHGA250923,3273.22,2.32,FEM
SHGA250923,3274.56,2.12,KCHI
SHGA250923,3277.56,1.02,MAL
SHGA250923,3278.08,1.02,KCHI
SHGA250923,3279.52,1.94,MAL
SHGA250923,3281.64,1.04,OCH
SHGA250923,3281.86,0.14,KCHI
SHGA250923,3282.92,0.48,KCHI
SHGA250923,3283.5,0.72,MAL
SHGA250923,3284.38,0.28,KCHI
SHGA250923,3284.6,1.14,OCH
SHGA250923,3285.08,0.3,KCHI
SHGA250923,3285.72,0.46,FEM
SHGA250923,3287.86,0.36,MAL
SHGA250923,3288.24,0.66,FEM
SHGA250923,3290.04,0.58,FEM
SHGA250923,3290.5,1.64,MAL
SHGA250923,3291.46,2.32,OCH
SHGA250923,3292.44,0.62,MAL
SHGA250923,3293.4,0.14,MAL
SHGA250923,3294.32,1.78,KCHI
SHGA250923,3296.98,0.4,MAL
SHGA250923,3298.32,0.44,KCHI
SHGA250923,3298.86,0.86,FEM
SHGA250923,3299.74,0.32,MAL
SHGA250923,3300.52,0.42,KCHI
SHGA250923,3301.18,0.6,MAL
SHGA250923,3301.9,0.88,OCH
SHGA250923,3302.44,0.34,FEM
SHGA250923,3305.18,0.66,OCH
SHGA250923,3305.3,0.52,KCHI
SHGA250923,3305.84,0.54,FEM
SHGA250923,3306.92,0.68,FEM
SHGA250923,3307.98,2.7,KCHI
SHGA250923,3308.18,0.18,FEM
SHGA250923,3308.7,0.32,FEM
SHGA250923,3309.58,1.78,FEM
SHGA250923,3311.36,0.56,OCH
SHGA250923,3312.4,0.6,MAL
SHGA250923,3313.34,2.3,MAL
SHGA250923,3315.5,0.64,KCHI
SHGA250923,3317.84,1.9,MAL
SHGA250923,3319.32,0.54,FEM
SHGA250923,3320.52,1.24,MAL
SHGA250923,3321.54,0.7,KCHI
SHGA250923,3323.18,0.78,KCHI
SHGA250923,3323.3,2.54,FEM
SHGA250923,3325.74,0.36,KCHI
SHGA250923,3326.46,0.82,FEM
SHGA250923,3327.22,0.22,KCHI
SHGA250923,3327.44,0.42,FEM
SHGA250923,3328.94,1.92,FEM
SHGA250923,3331.44,1.84,FEM
SHGA250923,3331.46,0.9,KCHI
SHGA250923,3332.62,0.3,OCH
SHGA250923,3334.48,1.34,FEM
SHGA250923,3336.2,0.48,MAL
SHGA250923,3337.3,1.12,FEM
SHGA250923,3338.92,0.3,FEM
SHGA250923,3339.22,2.02,OCH
SHGA250923,3341.2,1.64,KCHI
SHGA250923,3343.2,0.54,MAL
SHGA250923,3344.9,1.5,MAL
SHGA250923,3345.74,0.54,KCHI
SHGA250923,3346.4,0.52,KCHI
SHGA250923,3347.04,0.64,MAL
SHGA250923,3347.18,1.88,KCHI
SHGA250923,3350.62,0.42,KCHI
SHGA250923,3351.3,0.98,KCHI
SHGA250923,3353.16,1.12,FEM
SHGA250923,3356.22,2.9,FEM
SHGA250923,3359.12,1.92,KCHI
SHGA250923,3361.36,1.22,KCHI
SHGA250923,3362.54,1.5,FEM
SHGA250923,3364.0,1.44,KCHI
SHGA250923,3366.78,1.32,KCHI
SHGA250923,3368.56,1.16,KCHI
SHGA250923,3375.04,4.64,FEM
SHGA250923,3380.4,0.74,KCHI
SHGA250923,3381.32,2.36,FEM
SHGA250923,3383.56,2.14,KCHI
SHGA250923,3384.98,0.8,FEM
SHGA250923,3386.16,0.58,KCHI
SHGA250923,3386.34,0.12,FEM
SHGA250923,3386.66,3.74,FEM
SHGA250923,3387.66,0.54,KCHI
SHGA250923,3388.92,1.3,KCHI
SHGA250923,3390.66,0.88,KCHI
SHGA250923,3392.76,0.84,KCHI
SHGA250923,3393.74,0.24,KCHI
SHGA250923,3394.02,2.18,FEM
SHGA250923,3395.7,0.18,KCHI
SHGA250923,3396.66,0.78,KCHI
SHGA250923,3397.88,1.04,FEM
SHGA250923,3399.3,0.64,FEM
SHGA250923,3399.96,0.96,MAL
SHGA250923,3400.94,0.44,KCHI
SHGA250923,3402.64,0.5,KCHI
SHGA250923,3403.28,0.16,FEM
SHGA250923,3404.2,1.26,KCHI
SHGA250923,3405.54,3.04,FEM
SHGA250923,3409.02,0.44,KCHI
SHGA250923,3411.56,1.56,KCHI
SHGA250923,3414.84,0.2,KCHI
SHGA250923,3415.34,0.5,KCHI
SHGA250923,3416.0,0.54,KCHI
SHGA250923,3416.78,3.02,KCHI
SHGA250923,3420.36,0.72,KCHI
SHGA250923,3421.36,1.84,KCHI
SHGA250923,3423.52,0.34,KCHI
SHGA250923,3424.4,0.18,KCHI
SHGA250923,3424.52,1.0,MAL
SHGA250923,3425.56,0.28,KCHI
SHGA250923,3426.88,0.12,KCHI
SHGA250923,3430.06,0.7,MAL
SHGA250923,3430.76,0.66,FEM
SHGA250923,3431.84,1.14,KCHI
SHGA250923,3433.42,1.02,KCHI
SHGA250923,3434.98,0.8,KCHI
SHGA250923,3436.98,0.76,KCHI
SHGA250923,3438.14,0.36,KCHI
SHGA250923,3438.72,2.02,KCHI
SHGA250923,3441.22,2.24,KCHI
SHGA250923,3443.9,0.88,KCHI
SHGA250923,3445.24,0.86,KCHI
SHGA250923,3446.62,1.2,KCHI
SHGA250923,3447.8,2.04,FEM
SHGA250923,3448.02,0.22,KCHI
SHGA250923,3455.46,0.2,OCH
SHGA250923,3456.14,1.16,KCHI
SHGA250923,3457.34,1.08,OCH
SHGA250923,3458.62,1.06,KCHI
SHGA250923,3459.98,5.6,KCHI
SHGA250923,3464.56,0.12,OCH
SHGA250923,3466.7,1.22,FEM
SHGA250923,3467.96,1.4,KCHI
SHGA250923,3469.5,2.12,KCHI
SHGA250923,3473.14,1.14,FEM
SHGA250923,3473.3,2.56,KCHI
SHGA250923,3474.56,0.42,FEM
SHGA250923,3475.1,1.7,FEM
SHGA250923,3476.0,1.1,KCHI
SHGA250923,3477.62,0.9,KCHI
SHGA250923,3478.24,3.4,FEM
SHGA250923,3479.8,0.5,KCHI
SHGA250923,3483.24,0.4,KCHI
SHGA250923,3483.58,0.62,OCH
SHGA250923,3484.4,0.38,KCHI
SHGA250923,3485.5,0.78,KCHI
SHGA250923,3488.08,1.12,KCHI
SHGA250923,3490.46,2.08,KCHI
SHGA250923,3492.74,0.48,KCHI
SHGA250923,3493.46,2.66,FEM
SHGA250923,3495.22,0.4,KCHI
SHGA250923,3497.02,0.7,FEM
SHGA250923,3497.28,0.8,KCHI
SHGA250923,3499.08,4.96,KCHI
SHGA250923,3505.64,0.74,OCH
SHGA250923,3506.38,2.92,KCHI
SHGA250923,3509.54,0.82,KCHI
SHGA250923,3511.08,0.5,KCHI
SHGA250923,3513.8,0.12,KCHI
SHGA250923,3514.08,0.26,OCH
SHGA250923,3514.34,3.34,KCHI
SHGA250923,3517.32,1.96,FEM
SHGA250923,3518.32,0.32,KCHI
SHGA250923,3519.26,1.02,KCHI
SHGA250923,3520.48,1.1,KCHI
SHGA250923,3521.54,0.76,FEM
SHGA250923,3538.32,1.08,OCH
SHGA250923,3545.76,0.28,KCHI
SHGA250923,3557.0,1.12,FEM
SHGA250923,3629.76,1.34,FEM
SHGA250923,3629.76,2.2,KCHI
SHGA250923,3632.38,0.12,KCHI
SHGA250923,3633.46,0.14,KCHI
SHGA250923,3635.92,0.9,FEM
SHGA250923,3637.44,0.28,FEM
SHGA250923,3677.52,0.7,KCHI
SHGA250923,3761.1,1.16,KCHI
SHGA250923,3761.12,1.56,FEM
SHGA250923,3762.86,1.64,FEM
SHGA250923,3764.64,0.44,FEM
SHGA250923,3788.96,1.48,KCHI
SHGA250923,3820.8,1.04,KCHI
SHGA250923,3848.66,1.84,KCHI
SHGA250923,3863.94,0.64,FEM
SHGA250923,3882.26,1.6,OCH
SHGA250923,4019.8,3.74,FEM
SHGA250923,4023.78,3.98,FEM
SHGA250923,4079.7,1.34,FEM
SHGA250923,4095.42,3.98,OCH
SHGA250923,4132.8,2.42,KCHI
SHGA250923,4166.16,0.9,MAL
SHGA250923,4203.92,0.66,KCHI
SHGA250923,4205.28,1.46,KCHI
SHGA250923,4207.02,0.26,KCHI
SHGA250923,4209.18,0.24,OCH
SHGA250923,4209.6,0.46,OCH
SHGA250923,4211.18,0.92,KCHI
SHGA250923,4226.76,0.74,KCHI
SHGA250923,4230.94,0.76,KCHI
SHGA250923,4232.12,0.88,KCHI
SHGA250923,4234.82,2.06,OCH
SHGA250923,4240.34,1.12,KCHI
SHGA250923,4244.92,0.78,FEM
SHGA250923,4246.66,1.22,KCHI
SHGA250923,4248.82,1.82,KCHI
SHGA250923,4255.2,1.14,MAL
SHGA250923,4256.72,0.1,MAL
SHGA250923,4257.04,0.88,MAL
SHGA250923,4258.6,0.66,KCHI
SHGA250923,4260.34,0.5,KCHI
SHGA250923,4262.58,0.58,FEM
SHGA250923,4264.82,0.26,MAL
SHGA250923,4266.56,0.88,KCHI
SHGA250923,4266.56,0.88,FEM
SHGA250923,4267.56,1.04,FEM
SHGA250923,4268.5,1.34,MAL
SHGA250923,4268.74,0.1,FEM
SHGA250923,4273.36,0.64,FEM
SHGA250923,4274.4,0.12,FEM
SHGA250923,4281.32,0.3,FEM
SHGA250923,4292.48,1.94,OCH
SHGA250923,4294.42,1.32,FEM
SHGA250923,4312.1,2.22,KCHI
SHGA250923,4333.14,0.18,OCH
SHGA250923,4333.5,0.34,OCH
SHGA250923,4334.22,0.96,KCHI
SHGA250923,4337.72,0.44,FEM
SHGA250923,4351.68,0.64,FEM
SHGA250923,4353.44,0.68,FEM
SHGA250923,4370.06,2.12,KCHI
SHGA250923,4372.22,0.98,FEM
SHGA250923,4374.32,1.1,FEM
SHGA250923,4376.82,1.18,FEM
SHGA250923,4378.96,3.02,FEM
SHGA250923,4387.82,1.64,FEM
SHGA250923,4402.6,2.54,FEM
SHGA250923,4410.4,0.6,FEM
SHGA250923,4412.68,1.04,FEM
SHGA250923,4421.78,1.84,FEM
SHGA250923,4441.68,1.22,FEM
SHGA250923,4464.14,1.42,KCHI
SHGA250923,4472.36,0.42,OCH
SHGA250923,4492.4,1.02,KCHI
SHGA250923,4509.34,1.78,KCHI
SHGA250923,4592.92,1.3,KCHI
SHGA250923,4613.94,0.5,KCHI
SHGA250923,4616.8,1.08,KCHI
SHGA250923,4668.54,1.86,KCHI
SHGA250923,4756.14,1.16,KCHI
SHGA250923,4764.48,0.14,FEM
SHGA250923,4766.1,0.12,FEM
SHGA250923,4766.36,1.68,FEM
SHGA250923,4807.84,2.76,FEM
SHGA250923,4875.5,3.6,FEM
SHGA250923,4903.36,3.98,FEM
SHGA250923,4950.0,0.22,FEM
SHGA250923,4953.12,0.96,KCHI
SHGA250923,4955.4,0.84,KCHI
SHGA250923,4959.76,2.2,FEM
SHGA250923,4967.04,0.12,FEM
SHGA250923,4967.46,0.3,FEM
SHGA250923,4968.02,1.88,FEM
SHGA250923,4970.62,0.4,FEM
SHGA250923,4974.4,0.14,FEM
SHGA250923,4974.82,0.18,FEM
SHGA250923,4976.0,0.64,FEM
SHGA250923,4978.2,0.46,FEM
SHGA250923,5014.14,1.38,KCHI
SHGA250923,5015.7,0.12,KCHI
SHGA250923,5036.0,2.52,FEM
SHGA250923,5047.74,0.14,KCHI
SHGA250923,5050.18,0.44,KCHI
SHGA250923,5053.72,0.54,KCHI
SHGA250923,5054.6,1.18,FEM
SHGA250923,5057.08,0.82,MAL
SHGA250923,5058.42,0.16,MAL
SHGA250923,5076.86,0.1,OCH
SHGA250923,5077.16,0.3,OCH
SHGA250923,5077.6,0.1,OCH
SHGA250923,5077.88,0.6,FEM
SHGA250923,5095.12,1.12,OCH
SHGA250923,5111.42,2.88,MAL
SHGA250923,5115.32,0.26,FEM
SHGA250923,5116.22,0.12,OCH
SHGA250923,5116.5,0.14,OCH
SHGA250923,5116.8,0.4,KCHI
SHGA250923,5117.82,0.72,KCHI
SHGA250923,5123.26,1.48,KCHI
SHGA250923,5126.08,0.16,KCHI
SHGA250923,5130.44,0.26,FEM
SHGA250923,5130.84,0.14,FEM
SHGA250923,5131.38,2.82,OCH
SHGA250923,5141.56,0.24,KCHI
SHGA250923,5142.88,0.8,KCHI
SHGA250923,5152.68,0.82,FEM
SHGA250923,5153.64,0.4,OCH
SHGA250923,5155.02,1.38,FEM
SHGA250923,5191.32,1.66,FEM
SHGA250923,5193.38,0.52,FEM
SHGA250923,5202.46,1.9,KCHI
SHGA250923,5206.98,1.98,KCHI
SHGA250923,5234.68,0.12,KCHI
SHGA250923,5445.2,0.76,OCH
SHGA250923,5446.74,0.72,FEM
SHGA250923,5447.7,0.52,OCH
SHGA250923,5449.02,0.46,OCH
SHGA250923,5450.62,0.78,OCH
SHGA250923,5452.6,1.2,KCHI
SHGA250923,5454.66,0.6,KCHI
SHGA250923,5457.04,0.64,OCH
SHGA250923,5459.28,0.8,KCHI
SHGA250923,5460.22,0.34,KCHI
SHGA250923,5463.9,0.64,KCHI
SHGA250923,5468.88,0.62,OCH
SHGA250923,5469.64,0.34,KCHI
SHGA250923,5476.62,0.1,KCHI
SHGA250923,5488.42,3.98,KCHI
SHGA250923,5494.3,0.3,KCHI
SHGA250923,5495.14,0.24,KCHI
SHGA250923,5495.58,0.36,KCHI
SHGA250923,5505.54,0.7,KCHI
SHGA250923,5512.38,0.74,FEM
SHGA250923,5522.4,1.5,FEM
SHGA250923,5524.54,1.3,FEM
SHGA250923,5526.1,1.14,KCHI
SHGA250923,5532.2,1.72,KCHI
SHGA250923,5534.06,0.18,KCHI
SHGA250923,5536.18,0.78,KCHI
SHGA250923,5537.0,0.18,FEM
SHGA250923,5537.72,0.5,KCHI
SHGA250923,5543.02,0.98,FEM
SHGA250923,5544.54,2.42,KCHI
SHGA250923,5548.12,1.02,KCHI
SHGA250923,5549.6,0.24,FEM
SHGA250923,5550.22,1.76,FEM
SHGA250923,5552.52,0.14,KCHI
SHGA250923,5553.38,0.12,KCHI
SHGA250923,5555.86,0.5,FEM
SHGA250923,5556.4,0.26,MAL
SHGA250923,5557.72,1.66,FEM
SHGA250923,5559.78,4.16,FEM
SHGA250923,5560.06,0.14,KCHI
SHGA250923,5561.02,0.56,KCHI
SHGA250923,5564.04,5.76,FEM
SHGA250923,5570.96,9.94,FEM
SHGA250923,5575.98,0.66,KCHI
SHGA250923,5577.2,0.18,KCHI
SHGA250923,5581.56,9.84,FEM
SHGA250923,5590.68,0.16,KCHI
SHGA250923,5590.96,0.94,KCHI
SHGA250923,5591.52,4.24,FEM
SHGA250923,5596.24,2.26,FEM
SHGA250923,5596.48,0.68,KCHI
SHGA250923,5598.4,1.88,KCHI
SHGA250923,5601.34,0.3,OCH
SHGA250923,5603.84,0.9,FEM
SHGA250923,5604.62,1.34,KCHI
SHGA250923,5605.26,6.54,FEM
SHGA250923,5608.56,1.26,KCHI
SHGA250923,5611.94,0.28,OCH
SHGA250923,5612.06,0.48,KCHI
SHGA250923,5612.8,2.82,KCHI
SHGA250923,5616.56,2.04,KCHI
SHGA250923,5616.66,0.6,FEM
SHGA250923,5619.28,0.64,KCHI
SHGA250923,5621.14,0.12,KCHI
SHGA250923,5621.42,0.14,KCHI
SHGA250923,5628.44,0.42,KCHI
SHGA250923,5628.94,0.38,FEM
SHGA250923,5634.88,0.66,FEM
SHGA250923,5635.68,0.76,FEM
SHGA250923,5652.76,3.3,FEM
SHGA250923,5656.6,0.38,FEM
SHGA250923,5659.62,0.72,MAL
SHGA250923,5660.3,1.98,FEM
SHGA250923,5662.3,0.3,MAL
SHGA250923,5662.64,2.24,FEM
SHGA250923,5667.72,4.66,FEM
SHGA250923,5673.92,1.1,FEM
SHGA250923,5677.08,1.08,FEM
SHGA250923,5683.56,1.92,FEM
SHGA250923,5691.4,1.48,FEM
SHGA250923,5694.32,1.06,FEM
SHGA250923,5695.58,1.1,FEM
SHGA250923,5699.36,1.04,FEM
SHGA250923,5702.4,0.12,OCH
SHGA250923,5703.06,0.28,FEM
SHGA250923,5707.32,0.84,MAL
SHGA250923,5708.36,0.5,KCHI
SHGA250923,5709.6,1.24,MAL
SHGA250923,5713.12,2.16,MAL
SHGA250923,5715.4,2.32,MAL
SHGA250923,5719.26,2.44,FEM
SHGA250923,5730.52,0.68,KCHI
SHGA250923,5731.2,0.7,OCH
SHGA250923,5731.2,1.46,FEM
SHGA250923,5733.72,9.76,FEM
SHGA250923,5743.6,3.52,FEM
SHGA250923,5750.76,0.34,FEM
SHGA250923,5759.06,0.24,FEM
SHGA250923,5759.5,3.54,FEM
SHGA250923,5761.38,0.62,KCHI
SHGA250923,5763.04,0.26,KCHI
SHGA250923,5763.58,0.26,KCHI
SHGA250923,5764.1,0.3,KCHI
SHGA250923,5767.74,1.08,FEM
SHGA250923,5769.4,1.5,FEM
SHGA250923,5770.46,1.1,KCHI
SHGA250923,5771.0,3.4,FEM
SHGA250923,5771.78,0.42,KCHI
SHGA250923,5773.36,0.92,KCHI
SHGA250923,5774.96,2.96,FEM
SHGA250923,5775.7,0.38,MAL
SHGA250923,5777.98,0.98,KCHI
SHGA250923,5778.96,0.48,FEM
SHGA250923,5780.02,3.26,FEM
SHGA250923,5784.24,1.8,FEM
SHGA250923,5786.02,2.96,KCHI
SHGA250923,5786.94,0.26,FEM
SHGA250923,5788.94,6.66,FEM
SHGA250923,5788.96,0.36,OCH
SHGA250923,5789.6,0.88,KCHI
SHGA250923,5790.9,2.76,KCHI
SHGA250923,5790.96,0.32,OCH
SHGA250923,5791.44,0.12,OCH
SHGA250923,5794.88,2.04,KCHI
SHGA250923,5796.76,6.04,FEM
SHGA250923,5797.42,0.12,KCHI
SHGA250923,5797.68,1.82,KCHI
SHGA250923,5800.98,4.1,KCHI
SHGA250923,5803.68,1.46,FEM
SHGA250923,5805.22,0.54,MAL
SHGA250923,5805.8,3.38,KCHI
SHGA250923,5806.82,3.68,FEM
SHGA250923,5810.0,1.18,KCHI
SHGA250923,5810.8,3.3,FEM
SHGA250923,5814.26,0.78,FEM
SHGA250923,5814.78,1.12,OCH
SHGA250923,5816.6,3.44,FEM
SHGA250923,5820.28,0.64,OCH
SHGA250923,5820.5,16.16,FEM
SHGA250923,5836.0,1.56,OCH
SHGA250923,5836.72,3.82,KCHI
SHGA250923,5839.32,5.46,FEM
SHGA250923,5841.18,3.82,KCHI
SHGA250923,5846.62,2.54,FEM
SHGA250923,5849.28,0.86,FEM
SHGA250923,5851.44,5.68,FEM
SHGA250923,5857.6,1.88,FEM
SHGA250923,5859.2,0.76,MAL
SHGA250923,5859.82,6.78,FEM
SHGA250923,5863.94,0.34,KCHI
SHGA250923,5866.18,1.26,KCHI
SHGA250923,5869.24,0.2,FEM
SHGA250923,5870.5,0.26,KCHI
SHGA250923,5872.04,0.22,KCHI
SHGA250923,5872.56,1.2,KCHI
SHGA250923,5873.82,0.66,FEM
SHGA250923,5874.48,0.2,KCHI
SHGA250923,5878.46,0.14,FEM
SHGA250923,5879.46,0.38,FEM
SHGA250923,5882.2,3.2,FEM
SHGA250923,5886.0,1.0,FEM
SHGA250923,5887.66,0.78,FEM
SHGA250923,5888.98,0.84,FEM
SHGA250923,5892.16,5.88,FEM
SHGA250923,5898.16,1.06,FEM
SHGA250923,5900.4,0.12,FEM
SHGA250923,5900.74,1.46,FEM
SHGA250923,5902.34,0.48,FEM
SHGA250923,5904.96,1.72,FEM
SHGA250923,5908.9,1.18,FEM
SHGA250923,5910.7,0.7,FEM
SHGA250923,5912.1,0.12,FEM
SHGA250923,5912.38,0.3,FEM
SHGA250923,5914.28,3.98,FEM
SHGA250923,5918.98,7.08,FEM
SHGA250923,5931.74,1.36,FEM
SHGA250923,5939.78,6.18,KCHI
SHGA250923,5945.94,0.84,FEM
SHGA250923,5947.22,1.18,KCHI
SHGA250923,5948.34,0.9,FEM
SHGA250923,5950.1,1.0,FEM
SHGA250923,5951.26,0.9,KCHI
SHGA250923,5952.24,0.58,FEM
SHGA250923,5958.12,1.62,FEM
SHGA250923,5961.78,0.4,KCHI
SHGA250923,5962.16,2.6,FEM
SHGA250923,5966.02,2.46,FEM
SHGA250923,5966.06,0.4,KCHI
SHGA250923,5967.34,3.54,KCHI
SHGA250923,5968.62,0.24,FEM
SHGA250923,5970.86,1.44,FEM
SHGA250923,5972.06,1.7,KCHI
SHGA250923,5973.72,0.58,FEM
SHGA250923,5974.4,0.46,KCHI
SHGA250923,5975.1,0.92,FEM
SHGA250923,5976.26,2.86,FEM
SHGA250923,5977.42,2.96,KCHI
SHGA250923,5979.76,1.52,FEM
SHGA250923,5984.46,4.36,KCHI
SHGA250923,5987.96,1.94,FEM
SHGA250923,5989.9,3.28,KCHI
SHGA250923,5993.52,0.1,FEM
SHGA250923,5995.24,5.88,FEM
SHGA250923,6001.24,3.5,FEM
SHGA250923,6004.38,0.58,KCHI
SHGA250923,6004.9,1.76,FEM
SHGA250923,6007.36,1.4,FEM
SHGA250923,6008.76,1.2,KCHI
SHGA250923,6009.96,1.46,FEM
SHGA250923,6010.98,0.3,KCHI
SHGA250923,6011.94,1.7,FEM
SHGA250923,6013.34,0.74,KCHI
SHGA250923,6014.14,10.7,FEM
SHGA250923,6018.38,0.34,KCHI
SHGA250923,6020.46,0.34,KCHI
SHGA250923,6021.52,0.9,KCHI
SHGA250923,6023.24,0.4,KCHI
SHGA250923,6024.74,0.64,KCHI
SHGA250923,6025.42,0.64,FEM
SHGA250923,6026.06,0.48,KCHI
SHGA250923,6026.54,0.52,FEM
SHGA250923,6027.2,0.46,KCHI
SHGA250923,6027.72,0.46,FEM
SHGA250923,6028.52,0.52,KCHI
SHGA250923,6029.14,3.1,FEM
SHGA250923,6031.84,0.84,KCHI
SHGA250923,6032.76,0.64,FEM
SHGA250923,6033.3,0.38,KCHI
SHGA250923,6033.64,0.38,FEM
SHGA250923,6034.52,0.56,KCHI
SHGA250923,6035.7,1.74,KCHI
SHGA250923,6038.02,2.18,FEM
SHGA250923,6040.64,0.52,KCHI
SHGA250923,6041.2,3.12,FEM
SHGA250923,6041.8,2.44,KCHI
SHGA250923,6045.62,0.5,KCHI
SHGA250923,6057.62,0.94,KCHI
SHGA250923,6060.78,0.76,FEM
SHGA250923,6061.58,0.1,OCH
SHGA250923,6063.24,0.84,FEM
SHGA250923,6063.98,0.98,KCHI
SHGA250923,6065.06,0.46,FEM
SHGA250923,6078.34,1.26,MAL
SHGA250923,6080.38,2.24,FEM
SHGA250923,6080.52,0.16,KCHI
SHGA250923,6082.1,0.14,KCHI
SHGA250923,6082.46,0.4,KCHI
SHGA250923,6082.84,4.3,FEM
SHGA250923,6084.28,1.14,MAL
SHGA250923,6087.28,1.46,FEM
SHGA250923,6089.86,2.02,FEM
SHGA250923,6092.8,2.9,FEM
SHGA250923,6095.82,0.44,KCHI
SHGA250923,6095.86,0.1,FEM
SHGA250923,6096.18,1.18,FEM
SHGA250923,6097.64,0.24,KCHI
SHGA250923,6100.36,1.04,KCHI
SHGA250923,6102.0,1.5,FEM
SHGA250923,6103.58,0.7,KCHI
SHGA250923,6104.4,1.24,FEM
SHGA250923,6106.74,0.48,KCHI
SHGA250923,6107.0,1.02,FEM
SHGA250923,6110.62,2.66,FEM
SHGA250923,6114.06,0.12,KCHI
SHGA250923,6115.62,0.32,FEM
SHGA250923,6115.96,0.54,KCHI
SHGA250923,6117.36,0.24,FEM
SHGA250923,6117.76,0.26,KCHI
SHGA250923,6117.82,0.9,OCH
SHGA250923,6119.4,0.28,KCHI
SHGA250923,6119.46,1.08,FEM
SHGA250923,6124.28,0.48,FEM
SHGA250923,6125.08,0.1,FEM
SHGA250923,6125.32,0.58,FEM
SHGA250923,6126.74,0.22,OCH
SHGA250923,6127.08,0.14,OCH
SHGA250923,6127.56,0.2,OCH
SHGA250923,6128.54,0.76,FEM
SHGA250923,6129.46,0.38,FEM
SHGA250923,6130.1,0.48,MAL
SHGA250923,6130.64,0.56,KCHI
SHGA250923,6131.74,0.74,KCHI
SHGA250923,6132.92,0.26,KCHI
SHGA250923,6133.42,5.92,KCHI
SHGA250923,6134.56,2.6,FEM
SHGA250923,6139.4,0.56,MAL
SHGA250923,6141.14,0.88,KCHI
SHGA250923,6142.08,1.26,FEM
SHGA250923,6143.3,0.6,KCHI
SHGA250923,6144.2,0.64,FEM
SHGA250923,6144.28,1.38,KCHI
SHGA250923,6145.74,2.16,MAL
SHGA250923,6147.14,1.8,KCHI
SHGA250923,6148.9,0.2,MAL
SHGA250923,6149.1,1.54,FEM
SHGA250923,6150.02,1.56,KCHI
SHGA250923,6151.54,1.42,FEM
SHGA250923,6151.76,0.96,KCHI
SHGA250923,6153.4,1.18,MAL
SHGA250923,6155.32,0.74,MAL
SHGA250923,6157.06,0.68,FEM
SHGA250923,6158.08,0.52,FEM
SHGA250923,6161.04,1.16,FEM
SHGA250923,6162.3,0.14,MAL
SHGA250923,6162.7,1.5,KCHI
SHGA250923,6163.06,1.96,MAL
SHGA250923,6165.16,4.26,MAL
SHGA250923,6169.44,0.8,KCHI
SHGA250923,6170.5,0.78,MAL
SHGA250923,6175.66,0.66,MAL
SHGA250923,6178.1,0.56,MAL
SHGA250923,6178.82,0.92,MAL
SHGA250923,6179.88,1.06,MAL
SHGA250923,6180.94,1.48,FEM
SHGA250923,6182.38,0.5,KCHI
SHGA250923,6182.5,2.28,MAL
SHGA250923,6184.92,0.62,FEM
SHGA250923,6185.54,1.1,KCHI
SHGA250923,6186.62,6.26,FEM
SHGA250923,6192.88,1.02,KCHI
SHGA250923,6193.4,3.16,FEM
SHGA250923,6194.24,0.52,MAL
SHGA250923,6196.3,1.0,KCHI
SHGA250923,6197.04,5.46,FEM
SHGA250923,6199.2,1.14,MAL
SHGA250923,6200.66,0.18,MAL
SHGA250923,6203.1,1.72,FEM
SHGA250923,6204.9,0.54,MAL
SHGA250923,6205.44,0.18,FEM
SHGA250923,6205.96,0.6,FEM
SHGA250923,6206.64,0.42,KCHI
SHGA250923,6206.68,1.02,MAL
SHGA250923,6208.04,0.54,KCHI
SHGA250923,6208.8,0.24,FEM
SHGA250923,6209.02,0.54,KCHI
SHGA250923,6209.7,0.64,MAL
SHGA250923,6211.18,3.18,MAL
SHGA250923,6215.66,0.94,MAL
SHGA250923,6217.12,2.52,MAL
SHGA250923,6218.22,0.28,KCHI
SHGA250923,6219.3,4.02,FEM
SHGA250923,6223.96,0.56,KCHI
SHGA250923,6224.72,0.36,MAL
SHGA250923,6225.08,1.42,FEM
SHGA250923,6226.26,1.56,MAL
SHGA250923,6229.2,0.52,KCHI
SHGA250923,6230.06,0.26,KCHI
SHGA250923,6230.24,1.16,MAL
SHGA250923,6231.06,2.94,FEM
SHGA250923,6233.84,0.22,MAL
SHGA250923,6234.26,2.56,FEM
SHGA250923,6236.98,0.16,OCH
SHGA250923,6237.18,0.44,KCHI
SHGA250923,6237.76,1.22,FEM
SHGA250923,6239.52,0.82,KCHI
SHGA250923,6240.34,1.32,FEM
SHGA250923,6242.72,0.94,KCHI
SHGA250923,6243.64,0.98,FEM
SHGA250923,6244.62,0.12,MAL
SHGA250923,6244.76,0.66,KCHI
SHGA250923,6245.58,1.56,MAL
SHGA250923,6245.92,1.26,FEM
SHGA250923,6248.48,0.12,FEM
SHGA250923,6248.6,0.62,MAL
SHGA250923,6249.28,0.52,KCHI
SHGA250923,6250.08,0.96,FEM
SHGA250923,6250.74,0.72,KCHI
SHGA250923,6251.46,1.0,FEM
SHGA250923,6253.32,1.7,FEM
SHGA250923,6255.82,0.74,KCHI
SHGA250923,6255.94,0.62,FEM
SHGA250923,6256.56,1.96,MAL
SHGA250923,6259.48,0.9,KCHI
SHGA250923,6260.54,1.68,FEM
SHGA250923,6264.78,1.1,MAL
SHGA250923,6267.42,0.94,MAL
SHGA250923,6272.56,1.3,MAL
SHGA250923,6274.16,1.04,FEM
SHGA250923,6275.7,1.18,FEM
SHGA250923,6276.6,0.18,MAL
SHGA250923,6276.96,0.78,KCHI
SHGA250923,6277.76,0.42,MAL
SHGA250923,6278.34,0.9,KCHI
SHGA250923,6279.72,0.38,FEM
SHGA250923,6280.82,0.34,FEM
SHGA250923,6282.2,0.64,FEM
SHGA250923,6282.24,1.84,KCHI
SHGA250923,6283.24,0.98,FEM
SHGA250923,6284.1,1.06,MAL
SHGA250923,6284.78,0.82,KCHI
SHGA250923,6285.76,1.28,MAL
SHGA250923,6286.38,1.04,KCHI
SHGA250923,6287.6,1.28,MAL
SHGA250923,6290.14,0.86,MAL
SHGA250923,6290.74,2.6,KCHI
SHGA250923,6292.42,0.58,FEM
SHGA250923,6293.64,1.38,FEM
SHGA250923,6294.98,0.98,KCHI
SHGA250923,6295.3,1.04,MAL
SHGA250923,6296.72,0.92,KCHI
SHGA250923,6297.8,0.64,MAL
SHGA250923,6298.74,0.62,KCHI
SHGA250923,6301.5,1.36,MAL
SHGA250923,6302.98,1.04,MAL
SHGA250923,6305.1,0.8,MAL
SHGA250923,6307.0,1.3,MAL
SHGA250923,6312.66,1.92,MAL
SHGA250923,6320.86,4.4,FEM
SHGA250923,6324.54,0.28,MAL
SHGA250923,6325.94,0.76,FEM
SHGA250923,6326.64,0.64,MAL
SHGA250923,6327.44,0.2,FEM
SHGA250923,6328.88,0.38,KCHI
SHGA250923,6330.04,0.68,MAL
SHGA250923,6332.18,1.94,MAL
SHGA250923,6334.14,0.12,FEM
SHGA250923,6334.6,1.3,FEM
SHGA250923,6336.06,4.08,FEM
SHGA250923,6341.28,0.74,MAL
SHGA250923,6343.74,0.38,FEM
SHGA250923,6344.66,0.7,KCHI
SHGA250923,6346.38,0.72,KCHI
SHGA250923,6349.38,0.78,MAL
SHGA250923,6350.3,1.78,FEM
SHGA250923,6352.08,0.26,KCHI
SHGA250923,6352.48,1.08,FEM
SHGA250923,6356.06,0.26,FEM
SHGA250923,6356.68,0.44,FEM
SHGA250923,6359.82,0.22,FEM
SHGA250923,6364.02,0.26,MAL
SHGA250923,6364.56,1.08,MAL
SHGA250923,6364.92,0.12,OCH
SHGA250923,6365.9,0.56,KCHI
SHGA250923,6366.5,0.6,MAL
SHGA250923,6367.12,0.56,KCHI
SHGA250923,6367.8,0.58,MAL
SHGA250923,6369.18,0.54,MAL
SHGA250923,6369.7,2.28,FEM
SHGA250923,6372.24,0.34,FEM
SHGA250923,6376.68,1.5,MAL
SHGA250923,6379.94,2.26,FEM
SHGA250923,6383.08,0.34,FEM
SHGA250923,6383.3,4.06,KCHI
SHGA250923,6387.38,1.02,FEM
SHGA250923,6388.34,0.88,KCHI
SHGA250923,6389.24,0.34,MAL
SHGA250923,6389.84,0.84,KCHI
SHGA250923,6393.12,1.04,KCHI
SHGA250923,6395.1,1.18,KCHI
SHGA250923,6396.36,1.04,MAL
SHGA250923,6398.88,0.96,MAL
SHGA250923,6399.84,0.68,FEM
SHGA250923,6403.82,0.16,MAL
SHGA250923,6403.82,0.24,FEM
SHGA250923,6404.18,1.18,FEM
SHGA250923,6405.78,1.38,MAL
SHGA250923,6406.96,0.84,FEM
SHGA250923,6407.36,0.44,MAL
SHGA250923,6409.7,0.5,MAL
SHGA250923,6413.12,1.4,FEM
SHGA250923,6421.8,0.26,MAL
SHGA250923,6424.3,1.58,MAL
SHGA250923,6426.86,2.54,MAL
SHGA250923,6431.14,0.54,MAL
SHGA250923,6436.46,1.36,FEM
SHGA250923,6438.16,0.7,MAL
SHGA250923,6438.7,0.94,FEM
SHGA250923,6440.42,2.96,FEM
SHGA250923,6440.66,0.64,MAL
SHGA250923,6442.24,1.02,MAL
SHGA250923,6444.54,3.06,FEM
SHGA250923,6448.5,0.4,OCH
SHGA250923,6448.8,0.2,KCHI
SHGA250923,6449.44,0.84,FEM
SHGA250923,6450.02,0.52,KCHI
SHGA250923,6450.72,0.86,FEM
SHGA250923,6452.58,0.38,OCH
SHGA250923,6453.18,8.32,FEM
SHGA250923,6453.26,0.26,KCHI
SHGA250923,6454.02,0.58,KCHI
SHGA250923,6461.62,5.4,FEM
SHGA250923,6467.56,1.28,FEM
SHGA250923,6469.7,5.88,FEM
SHGA250923,6475.88,1.32,FEM
SHGA250923,6483.12,0.3,MAL
SHGA250923,6485.04,2.36,FEM
SHGA250923,6488.54,0.2,FEM
SHGA250923,6491.86,1.7,OCH
SHGA250923,6494.06,1.3,MAL
SHGA250923,6495.98,2.44,FEM
SHGA250923,6498.66,2.06,FEM
SHGA250923,6508.28,0.76,KCHI
SHGA250923,6511.46,0.32,KCHI
SHGA250923,6514.22,1.04,FEM
SHGA250923,6517.86,1.9,FEM
SHGA250923,6522.44,0.56,OCH
SHGA250923,6523.22,0.94,KCHI
SHGA250923,6525.48,1.12,FEM
SHGA250923,6525.98,0.32,KCHI
SHGA250923,6526.58,1.02,KCHI
SHGA250923,6527.2,2.52,FEM
SHGA250923,6527.92,0.22,KCHI
SHGA250923,6531.36,1.56,FEM
SHGA250923,6533.56,0.22,KCHI
SHGA250923,6534.22,0.82,KCHI
SHGA250923,6535.64,0.9,KCHI
SHGA250923,6543.96,0.34,FEM
SHGA250923,6547.56,0.18,MAL
SHGA250923,6548.18,0.46,MAL
SHGA250923,6549.72,0.2,MAL
SHGA250923,6557.04,1.48,MAL
SHGA250923,6559.04,0.62,MAL
SHGA250923,6560.36,2.04,KCHI
SHGA250923,6562.4,0.14,FEM
SHGA250923,6562.84,2.6,KCHI
SHGA250923,6566.44,1.84,FEM
SHGA250923,6566.52,0.88,KCHI
SHGA250923,6568.54,1.22,FEM
SHGA250923,6568.78,1.36,KCHI
SHGA250923,6570.98,0.22,KCHI
SHGA250923,6571.32,0.1,KCHI
SHGA250923,6571.64,0.1,KCHI
SHGA250923,6572.12,0.96,KCHI
SHGA250923,6574.96,0.22,KCHI
SHGA250923,6575.36,0.4,KCHI
SHGA250923,6576.18,0.54,KCHI
SHGA250923,6577.14,0.5,KCHI
SHGA250923,6577.64,0.92,MAL
SHGA250923,6580.02,0.64,MAL
SHGA250923,6580.26,2.66,KCHI
SHGA250923,6583.46,1.54,KCHI
SHGA250923,6586.9,0.18,FEM
SHGA250923,6587.3,0.28,KCHI
SHGA250923,6588.48,0.64,KCHI
SHGA250923,6589.18,0.42,FEM
SHGA250923,6590.02,0.14,FEM
SHGA250923,6590.38,0.5,KCHI
SHGA250923,6591.32,0.74,MAL
SHGA250923,6593.48,0.88,FEM
SHGA250923,6594.92,0.28,KCHI
SHGA250923,6595.88,2.7,KCHI
SHGA250923,6595.9,2.94,FEM
SHGA250923,6599.94,1.72,KCHI
SHGA250923,6601.7,0.14,OCH
SHGA250923,6601.92,2.06,FEM
SHGA250923,6605.6,1.2,FEM
SHGA250923,6606.8,0.72,MAL
SHGA250923,6608.08,3.98,KCHI
SHGA250923,6608.12,0.18,MAL
SHGA250923,6612.52,0.82,MAL
SHGA250923,6613.96,0.32,KCHI
SHGA250923,6614.76,0.6,MAL
SHGA250923,6615.46,1.12,FEM
SHGA250923,6615.56,1.32,KCHI
SHGA250923,6616.74,3.36,FEM
SHGA250923,6618.84,1.36,KCHI
SHGA250923,6620.94,1.72,KCHI
SHGA250923,6623.44,2.7,FEM
SHGA250923,6626.22,0.48,MAL
SHGA250923,6635.7,0.36,KCHI
SHGA250923,6636.32,0.4,KCHI
SHGA250923,6636.92,0.78,FEM
SHGA250923,6637.58,0.36,KCHI
SHGA250923,6638.52,3.78,KCHI
SHGA250923,6642.62,5.64,FEM
SHGA250923,6644.88,0.22,KCHI
SHGA250923,6646.78,0.22,KCHI
SHGA250923,6647.88,0.16,KCHI
SHGA250923,6648.52,0.6,KCHI
SHGA250923,6649.08,2.18,FEM
SHGA250923,6651.1,2.32,KCHI
SHGA250923,6653.8,0.64,OCH
SHGA250923,6654.56,0.5,FEM
SHGA250923,6655.14,1.64,KCHI
SHGA250923,6657.3,1.24,FEM
SHGA250923,6662.52,0.14,KCHI
SHGA250923,6662.52,2.38,FEM
SHGA250923,6665.04,0.58,MAL
SHGA250923,6665.62,0.88,FEM
SHGA250923,6666.5,2.58,KCHI
SHGA250923,6669.16,0.96,MAL
SHGA250923,6670.14,0.34,FEM
SHGA250923,6670.48,0.86,KCHI
SHGA250923,6671.7,0.28,OCH
SHGA250923,6672.38,0.1,MAL
SHGA250923,6674.46,0.38,MAL
SHGA250923,6678.44,0.82,FEM
SHGA250923,6681.34,4.66,KCHI
SHGA250923,6686.4,0.54,FEM
SHGA250923,6688.34,1.34,KCHI
SHGA250923,6689.7,0.68,FEM
SHGA250923,6690.0,1.1,KCHI
SHGA250923,6691.56,1.04,KCHI
SHGA250923,6692.6,2.28,MAL
SHGA250923,6695.22,0.64,MAL
SHGA250923,6696.08,0.28,KCHI
SHGA250923,6696.94,1.0,MAL
SHGA250923,6698.34,0.64,FEM
SHGA250923,6699.28,0.7,MAL
SHGA250923,6699.66,0.64,FEM
SHGA250923,6700.56,1.32,OCH
SHGA250923,6701.98,0.66,KCHI
SHGA250923,6703.0,0.38,MAL
SHGA250923,6703.68,0.86,MAL
SHGA250923,6704.64,0.82,KCHI
SHGA250923,6705.56,0.7,KCHI
SHGA250923,6706.38,0.88,KCHI
SHGA250923,6707.26,0.58,MAL
SHGA250923,6708.58,0.56,KCHI
SHGA250923,6709.38,0.4,MAL
SHGA250923,6714.26,0.38,MAL
SHGA250923,6715.08,0.78,MAL
SHGA250923,6716.48,2.38,KCHI
SHGA250923,6717.18,0.2,MAL
SHGA250923,6717.54,0.7,FEM
SHGA250923,6718.64,0.84,MAL
SHGA250923,6720.4,1.28,KCHI
SHGA250923,6722.22,1.84,KCHI
SHGA250923,6724.1,1.34,MAL
SHGA250923,6725.28,0.44,FEM
SHGA250923,6725.86,1.34,KCHI
SHGA250923,6727.06,3.54,FEM
SHGA250923,6729.48,0.64,KCHI
SHGA250923,6731.72,0.9,KCHI
SHGA250923,6732.7,0.14,FEM
SHGA250923,6735.14,1.0,KCHI
SHGA250923,6736.12,0.62,MAL
SHGA250923,6738.14,1.74,KCHI
SHGA250923,6741.54,0.5,MAL
SHGA250923,6742.14,0.7,MAL
SHGA250923,6743.0,1.76,FEM
SHGA250923,6744.02,0.76,KCHI
SHGA250923,6745.26,0.84,FEM
SHGA250923,6746.58,1.22,KCHI
SHGA250923,6747.86,1.76,FEM
SHGA250923,6749.88,0.2,FEM
SHGA250923,6752.4,0.62,FEM
SHGA250923,6753.2,0.86,FEM
SHGA250923,6756.2,1.58,FEM
SHGA250923,6759.74,0.18,KCHI
SHGA250923,6760.36,1.66,KCHI
SHGA250923,6763.1,0.62,FEM
SHGA250923,6764.02,0.14,KCHI
SHGA250923,6764.1,1.9,FEM
SHGA250923,6766.96,0.42,FEM
SHGA250923,6769.98,2.18,FEM
SHGA250923,6772.44,1.52,FEM
SHGA250923,6772.7,0.72,KCHI
SHGA250923,6774.18,1.28,KCHI
SHGA250923,6774.46,1.02,FEM
SHGA250923,6775.84,2.1,KCHI
SHGA250923,6776.24,1.04,FEM
SHGA250923,6780.58,0.6,KCHI
SHGA250923,6780.8,0.64,FEM
SHGA250923,6781.72,0.2,KCHI
SHGA250923,6782.06,1.08,FEM
SHGA250923,6784.06,3.66,FEM
SHGA250923,6791.14,0.2,FEM
SHGA250923,6791.52,2.16,KCHI
SHGA250923,6793.86,0.6,FEM
SHGA250923,6794.74,3.38,KCHI
SHGA250923,6796.66,1.0,FEM
SHGA250923,6798.14,1.32,MAL
SHGA250923,6799.5,1.12,KCHI
SHGA250923,6801.82,2.3,FEM
SHGA250923,6802.5,1.24,KCHI
SHGA250923,6804.78,0.82,FEM
SHGA250923,6805.66,1.06,KCHI
SHGA250923,6806.14,0.32,FEM
SHGA250923,6806.92,0.98,FEM
SHGA250923,6807.68,0.76,MAL
SHGA250923,6808.62,2.22,KCHI
SHGA250923,6809.18,0.16,FEM
SHGA250923,6810.76,1.82,FEM
SHGA250923,6812.6,0.48,MAL
SHGA250923,6813.98,1.22,MAL
SHGA250923,6815.4,0.16,KCHI
SHGA250923,6815.9,2.36,KCHI
SHGA250923,6818.28,0.8,MAL
SHGA250923,6819.34,0.46,MAL
SHGA250923,6819.66,2.14,KCHI
SHGA250923,6821.72,0.24,MAL
SHGA250923,6822.58,0.8,FEM
SHGA250923,6823.38,0.82,KCHI
SHGA250923,6824.0,2.26,FEM
SHGA250923,6824.64,0.4,MAL
SHGA250923,6826.18,0.42,KCHI
SHGA250923,6826.5,1.66,FEM
SHGA250923,6828.52,0.78,KCHI
SHGA250923,6829.68,0.3,KCHI
SHGA250923,6833.86,2.64,MAL
SHGA250923,6837.3,0.66,MAL
SHGA250923,6838.2,0.68,MAL
SHGA250923,6839.34,0.48,MAL
SHGA250923,6841.04,0.3,MAL
SHGA250923,6845.6,0.46,FEM
SHGA250923,6850.22,2.06,MAL
SHGA250923,6852.82,2.18,MAL
SHGA250923,6855.06,4.16,KCHI
SHGA250923,6861.52,0.48,OCH
SHGA250923,6862.6,0.24,OCH
SHGA250923,6864.42,0.88,OCH
SHGA250923,6869.64,3.2,MAL
SHGA250923,6880.52,0.4,MAL
SHGA250923,6881.42,0.92,FEM
SHGA250923,6882.3,1.76,KCHI
SHGA250923,6884.72,2.84,KCHI
SHGA250923,6885.84,1.4,FEM
SHGA250923,6887.64,1.22,FEM
SHGA250923,6888.68,2.08,KCHI
SHGA250923,6888.98,0.26,FEM
SHGA250923,6891.9,0.92,FEM
SHGA250923,6891.96,1.4,KCHI
SHGA250923,6893.92,2.06,MAL
SHGA250923,6895.38,1.8,KCHI
SHGA250923,6897.24,0.1,MAL
SHGA250923,6897.58,0.42,FEM
SHGA250923,6898.04,2.48,KCHI
SHGA250923,6900.52,2.18,MAL
SHGA250923,6902.7,2.26,KCHI
SHGA250923,6905.3,1.52,MAL
SHGA250923,6906.8,2.42,KCHI
SHGA250923,6910.26,0.46,MAL
SHGA250923,6910.86,2.62,KCHI
SHGA250923,6913.26,1.04,MAL
SHGA250923,6914.58,3.1,KCHI
SHGA250923,6917.94,0.66,FEM
SHGA250923,6919.62,1.08,KCHI
SHGA250923,6920.7,0.52,MAL
SHGA250923,6921.22,2.32,KCHI
SHGA250923,6922.3,0.42,MAL
SHGA250923,6923.6,1.06,MAL
SHGA250923,6924.6,2.18,KCHI
SHGA250923,6925.74,2.26,MAL
SHGA250923,6927.28,2.8,KCHI
SHGA250923,6928.36,0.66,MAL
SHGA250923,6930.14,0.14,MAL
SHGA250923,6933.16,2.46,MAL
SHGA250923,6935.7,1.18,OCH
SHGA250923,6937.2,0.18,MAL
SHGA250923,6940.64,1.82,KCHI
SHGA250923,6943.4,1.7,KCHI
SHGA250923,6945.1,0.24,MAL
SHGA250923,6945.4,1.1,KCHI
SHGA250923,6946.4,2.28,MAL
SHGA250923,6947.12,0.28,KCHI
SHGA250923,6949.12,3.08,MAL
SHGA250923,6955.34,1.7,KCHI
SHGA250923,6957.04,0.24,OCH
SHGA250923,6957.44,0.1,MAL
SHGA250923,6957.56,0.1,OCH
SHGA250923,6958.6,0.22,KCHI
SHGA250923,6958.72,0.88,MAL
SHGA250923,6959.66,2.74,KCHI
SHGA250923,6962.44,1.02,MAL
SHGA250923,6963.48,0.36,KCHI
SHGA250923,6964.4,1.42,MAL
SHGA250923,6965.84,0.4,KCHI
SHGA250923,6966.4,1.78,MAL
SHGA250923,6968.74,0.24,MAL
SHGA250923,6969.56,0.94,OCH
SHGA250923,6972.96,0.34,MAL
SHGA250923,6973.42,1.22,KCHI
SHGA250923,6974.94,0.4,KCHI
SHGA250923,6975.48,1.44,MAL
SHGA250923,6978.78,1.12,MAL
SHGA250923,6979.64,0.14,OCH
SHGA250923,6979.9,0.94,OCH
SHGA250923,6980.92,1.48,KCHI
SHGA250923,6982.5,0.16,KCHI
SHGA250923,6984.9,0.86,MAL
SHGA250923,6985.72,1.84,KCHI
SHGA250923,6988.56,1.56,MAL
SHGA250923,6990.44,1.6,MAL
SHGA250923,6992.74,0.12,MAL
SHGA250923,6994.82,0.38,MAL
SHGA250923,6995.4,0.96,KCHI
SHGA250923,7000.82,0.38,MAL
SHGA250923,7001.64,1.68,MAL
SHGA250923,7003.78,1.02,MAL
SHGA250923,7004.8,1.6,FEM
SHGA250923,7006.56,1.46,OCH
SHGA250923,7009.3,1.4,MAL
SHGA250923,7011.04,0.38,MAL
SHGA250923,7011.5,0.38,KCHI
SHGA250923,7012.08,0.68,MAL
SHGA250923,7020.72,0.46,MAL
SHGA250923,7021.42,1.64,MAL
SHGA250923,7025.64,0.9,MAL
SHGA250923,7029.1,0.72,MAL
SHGA250923,7030.06,1.12,MAL
SHGA250923,7031.1,0.54,FEM
SHGA250923,7033.52,1.1,KCHI
SHGA250923,7034.74,1.26,FEM
SHGA250923,7034.82,0.7,KCHI
SHGA250923,7036.64,0.46,OCH
SHGA250923,7036.64,1.84,FEM
SHGA250923,7037.62,0.46,OCH
SHGA250923,7038.36,0.78,OCH
SHGA250923,7039.72,0.76,OCH
SHGA250923,7040.02,0.4,FEM
SHGA250923,7040.62,0.54,KCHI
SHGA250923,7041.26,0.14,OCH
SHGA250923,7041.58,0.34,OCH
SHGA250923,7042.04,0.28,OCH
SHGA250923,7042.58,0.8,KCHI
SHGA250923,7043.66,0.94,FEM
SHGA250923,7044.6,0.56,MAL
SHGA250923,7045.44,1.34,FEM
SHGA250923,7047.08,1.16,MAL
SHGA250923,7048.72,0.54,OCH
SHGA250923,7049.78,0.64,OCH
SHGA250923,7050.08,2.1,MAL
SHGA250923,7052.08,0.6,FEM
SHGA250923,7053.26,0.4,OCH
SHGA250923,7056.0,0.3,OCH
SHGA250923,7056.68,1.0,MAL
SHGA250923,7057.64,1.28,FEM
SHGA250923,7059.26,1.6,KCHI
SHGA250923,7060.54,0.82,MAL
SHGA250923,7061.82,1.06,MAL
SHGA250923,7063.28,1.38,FEM
SHGA250923,7065.16,2.22,MAL
SHGA250923,7067.92,0.56,OCH
SHGA250923,7068.48,0.32,MAL
SHGA250923,7070.68,0.3,KCHI
SHGA250923,7072.08,1.46,MAL
SHGA250923,7080.0,0.1,KCHI
SHGA250923,7082.08,1.08,MAL
SHGA250923,7084.4,0.38,MAL
SHGA250923,7091.42,0.2,MAL
SHGA250923,7093.12,0.32,KCHI
SHGA250923,7094.48,0.24,KCHI
SHGA250923,7095.04,0.34,KCHI
SHGA250923,7096.34,0.88,MAL
SHGA250923,7097.26,0.86,KCHI
SHGA250923,7099.2,1.12,MAL
SHGA250923,7101.94,0.54,MAL
SHGA250923,7104.98,0.94,FEM
SHGA250923,7106.88,9.84,FEM
SHGA250923,7116.84,0.44,FEM
SHGA250923,7118.04,2.9,FEM
SHGA250923,7121.32,1.62,FEM
SHGA250923,7125.42,0.48,FEM
SHGA250923,7126.26,1.88,FEM
SHGA250923,7132.16,2.48,FEM
SHGA250923,7135.62,0.42,MAL
SHGA250923,7136.04,0.1,FEM
SHGA250923,7137.86,0.88,FEM
SHGA250923,7139.32,0.66,FEM
SHGA250923,7140.12,5.92,FEM
SHGA250923,7146.4,1.68,FEM
SHGA250923,7150.0,1.3,FEM
SHGA250923,7153.16,1.0,FEM
SHGA250923,7154.08,0.62,MAL
SHGA250923,7154.28,1.44,FEM
SHGA250923,7155.62,1.16,MAL
SHGA250923,7157.18,0.64,MAL
SHGA250923,7158.36,1.44,OCH
SHGA250923,7159.9,1.7,FEM
SHGA250923,7162.1,1.86,MAL
SHGA250923,7166.0,0.74,FEM
SHGA250923,7166.92,0.8,OCH
SHGA250923,7172.28,1.98,FEM
SHGA250923,7174.4,0.56,FEM
SHGA250923,7175.94,7.34,FEM
SHGA250923,7176.72,1.58,KCHI
SHGA250923,7184.86,0.9,FEM
SHGA250923,7187.88,2.12,FEM
SHGA250923,7193.36,1.42,FEM
SHGA250923,7195.86,0.1,FEM
SHGA250923,7197.96,1.54,KCHI
SHGA250923,7200.62,0.84,KCHI
SHGA250923,7201.12,0.3,FEM
SHGA250923,7201.58,0.9,FEM
SHGA250923,7201.82,0.36,KCHI
SHGA250923,7202.28,0.22,KCHI
SHGA250923,7203.28,0.4,MAL
SHGA250923,7204.88,0.26,MAL
SHGA250923,7205.56,0.6,KCHI
SHGA250923,7206.42,1.04,MAL
SHGA250923,7213.42,0.18,FEM
SHGA250923,7215.52,0.88,KCHI
SHGA250923,7219.72,0.28,KCHI
SHGA250923,7220.44,1.08,FEM
SHGA250923,7221.48,0.46,MAL
SHGA250923,7222.56,1.14,KCHI
SHGA250923,7224.56,0.64,MAL
SHGA250923,7225.6,1.0,KCHI
SHGA250923,7226.2,0.14,FEM
SHGA250923,7226.46,0.1,FEM
SHGA250923,7226.96,1.46,KCHI
SHGA250923,7227.68,2.42,FEM
SHGA250923,7229.42,0.14,KCHI
SHGA250923,7230.12,0.48,MAL
SHGA250923,7231.84,0.3,KCHI
SHGA250923,7232.3,0.54,KCHI
SHGA250923,7232.96,1.34,MAL
SHGA250923,7234.46,0.72,FEM
SHGA250923,7235.3,0.14,FEM
SHGA250923,7235.64,1.04,FEM
SHGA250923,7236.52,2.46,OCH
SHGA250923,7238.14,0.2,FEM
SHGA250923,7238.68,1.34,FEM
SHGA250923,7239.82,0.72,KCHI
SHGA250923,7240.24,0.34,FEM
SHGA250923,7243.06,0.54,FEM
SHGA250923,7245.38,0.64,KCHI
SHGA250923,7252.12,1.14,KCHI
SHGA250923,7253.36,1.54,FEM
SHGA250923,7255.04,0.5,FEM
SHGA250923,7257.56,0.48,MAL
SHGA250923,7259.52,2.78,FEM
SHGA250923,7259.56,2.34,KCHI
SHGA250923,7262.04,0.58,KCHI
SHGA250923,7263.5,0.36,FEM
SHGA250923,7264.08,0.42,MAL
SHGA250923,7264.52,5.74,FEM
SHGA250923,7265.2,1.78,KCHI
SHGA250923,7270.38,0.94,FEM
SHGA250923,7271.5,3.94,FEM
SHGA250923,7280.0,0.34,MAL
SHGA250923,7280.52,6.86,FEM
SHGA250923,7287.38,0.58,MAL
SHGA250923,7293.6,1.84,KCHI
SHGA250923,7296.42,0.26,KCHI
SHGA250923,7297.34,1.68,FEM
SHGA250923,7300.14,1.46,MAL
SHGA250923,7301.84,1.46,MAL
SHGA250923,7307.9,0.48,MAL
SHGA250923,7311.32,0.6,KCHI
SHGA250923,7312.2,0.9,MAL
SHGA250923,7313.3,3.18,KCHI
SHGA250923,7318.82,1.8,KCHI
SHGA250923,7320.34,2.48,FEM
SHGA250923,7323.7,1.0,FEM
SHGA250923,7325.66,0.86,FEM
SHGA250923,7327.18,0.42,FEM
SHGA250923,7338.54,0.54,KCHI
SHGA250923,7339.7,0.6,FEM
SHGA250923,7340.18,1.72,MAL
SHGA250923,7342.04,1.34,MAL
SHGA250923,7343.72,0.7,KCHI
SHGA250923,7344.72,1.4,KCHI
SHGA250923,7347.74,1.84,KCHI
SHGA250923,7349.74,0.1,KCHI
SHGA250923,7351.66,0.26,KCHI
SHGA250923,7352.04,1.38,KCHI
SHGA250923,7353.84,1.2,KCHI
SHGA250923,7355.72,1.04,FEM
SHGA250923,7356.46,0.24,KCHI
SHGA250923,7359.02,0.64,KCHI
SHGA250923,7360.16,1.62,KCHI
SHGA250923,7361.98,1.02,MAL
SHGA250923,7363.0,0.42,FEM
SHGA250923,7363.9,1.2,FEM
SHGA250923,7365.64,0.8,FEM
SHGA250923,7368.92,1.02,MAL
SHGA250923,7370.96,0.36,FEM
SHGA250923,7371.42,3.22,FEM
SHGA250923,7371.62,0.74,KCHI
SHGA250923,7373.2,0.5,OCH
SHGA250923,7375.44,0.1,FEM
SHGA250923,7375.7,0.26,FEM
SHGA250923,7377.42,0.22,KCHI
SHGA250923,7378.18,0.74,FEM
SHGA250923,7383.18,0.5,FEM
SHGA250923,7386.3,0.46,FEM
SHGA250923,7386.9,0.3,FEM
SHGA250923,7388.08,0.58,MAL
SHGA250923,7392.1,0.36,FEM
SHGA250923,7392.76,0.1,FEM
SHGA250923,7394.4,1.04,FEM
SHGA250923,7404.22,0.78,MAL
SHGA250923,7405.76,0.28,MAL
SHGA250923,7415.1,1.32,FEM
SHGA250923,7416.52,0.58,MAL
SHGA250923,7416.94,2.36,FEM
SHGA250923,7426.44,0.4,KCHI
SHGA250923,7427.84,2.22,KCHI
SHGA250923,7430.84,1.34,FEM
SHGA250923,7432.32,0.1,FEM
SHGA250923,7433.18,0.32,FEM
SHGA250923,7434.64,0.8,FEM
SHGA250923,7435.82,1.56,FEM
SHGA250923,7438.14,0.48,FEM
SHGA250923,7438.62,0.88,KCHI
SHGA250923,7444.34,2.12,FEM
SHGA250923,7446.4,0.6,KCHI
SHGA250923,7447.6,2.6,KCHI
SHGA250923,7451.28,2.62,KCHI
SHGA250923,7451.72,1.44,FEM
SHGA250923,7455.66,2.86,FEM
SHGA250923,7457.44,0.18,MAL
SHGA250923,7462.5,2.76,KCHI
SHGA250923,7465.62,1.6,KCHI
SHGA250923,7466.76,1.12,FEM
SHGA250923,7467.42,0.44,KCHI
SHGA250923,7467.96,2.06,KCHI
SHGA250923,7470.24,0.38,KCHI
SHGA250923,7470.46,0.12,FEM
SHGA250923,7473.28,1.14,KCHI
SHGA250923,7474.44,0.36,FEM
SHGA250923,7479.62,2.12,OCH
SHGA250923,7481.84,0.56,OCH
SHGA250923,7482.4,0.84,KCHI
SHGA250923,7483.42,0.72,KCHI
SHGA250923,7484.26,0.64,KCHI
SHGA250923,7485.06,4.6,KCHI
SHGA250923,7489.58,1.78,FEM
SHGA250923,7490.82,0.56,KCHI
SHGA250923,7492.56,1.22,KCHI
SHGA250923,7493.16,0.66,FEM
SHGA250923,7495.64,1.4,FEM
SHGA250923,7506.28,0.14,MAL
SHGA250923,7510.58,0.36,KCHI
SHGA250923,7511.12,0.42,KCHI
SHGA250923,7512.14,0.58,MAL
SHGA250923,7514.3,0.52,OCH
SHGA250923,7514.98,0.16,OCH
SHGA250923,7518.22,0.54,FEM
SHGA250923,7519.14,0.78,KCHI
SHGA250923,7520.68,0.94,FEM
SHGA250923,7522.74,1.14,KCHI
SHGA250923,7524.02,0.4,KCHI
SHGA250923,7526.7,0.92,KCHI
SHGA250923,7528.32,0.82,MAL
SHGA250923,7529.14,0.42,KCHI
SHGA250923,7529.92,0.24,KCHI
SHGA250923,7530.82,0.74,MAL
SHGA250923,7531.22,0.14,KCHI
SHGA250923,7531.62,0.62,KCHI
SHGA250923,7532.8,0.9,KCHI
SHGA250923,7533.98,0.86,KCHI
SHGA250923,7535.28,1.28,FEM
SHGA250923,7536.56,0.7,KCHI
SHGA250923,7538.32,1.28,KCHI
SHGA250923,7541.86,0.98,KCHI
SHGA250923,7544.58,1.36,FEM
SHGA250923,7546.9,1.58,KCHI
SHGA250923,7547.52,1.64,FEM
SHGA250923,7549.82,0.24,MAL
SHGA250923,7550.06,0.18,FEM
SHGA250923,7551.04,2.92,FEM
SHGA250923,7554.04,0.36,KCHI
SHGA250923,7555.86,0.5,FEM
SHGA250923,7556.42,1.44,KCHI
SHGA250923,7558.02,1.5,FEM
SHGA250923,7558.72,0.68,KCHI
SHGA250923,7559.64,1.42,FEM
SHGA250923,7560.34,0.54,MAL
SHGA250923,7561.1,0.72,MAL
SHGA250923,7563.76,0.4,KCHI
SHGA250923,7565.66,0.28,FEM
SHGA250923,7566.1,0.56,MAL
SHGA250923,7566.8,0.18,OCH
SHGA250923,7568.16,0.94,FEM
SHGA250923,7569.42,0.32,KCHI
SHGA250923,7569.66,1.42,FEM
SHGA250923,7571.22,0.48,FEM
SHGA250923,7579.5,2.2,MAL
SHGA250923,7586.1,0.58,KCHI
SHGA250923,7586.84,0.12,KCHI
SHGA250923,7602.76,0.56,MAL
SHGA250923,7604.48,0.1,MAL
SHGA250923,7604.72,0.2,MAL
SHGA250923,7609.76,3.98,OCH
SHGA250923,7613.74,0.16,KCHI
SHGA250923,7616.24,1.48,KCHI
SHGA250923,7618.26,0.6,KCHI
SHGA250923,7619.28,0.52,KCHI
SHGA250923,7620.24,0.34,KCHI
SHGA250923,7621.0,0.7,FEM
SHGA250923,7621.9,0.22,KCHI
SHGA250923,7622.6,0.24,KCHI
SHGA250923,7626.38,0.22,KCHI
SHGA250923,7627.82,0.84,FEM
SHGA250923,7630.4,0.32,FEM
SHGA250923,7630.88,1.36,MAL
SHGA250923,7635.48,1.02,FEM
SHGA250923,7636.6,4.4,KCHI
SHGA250923,7639.44,0.78,FEM
SHGA250923,7640.66,0.94,FEM
SHGA250923,7641.64,1.4,KCHI
SHGA250923,7643.54,1.36,KCHI
SHGA250923,7649.56,0.28,FEM
SHGA250923,7649.56,1.5,KCHI
SHGA250923,7651.24,0.84,FEM
SHGA250923,7651.3,2.24,KCHI
SHGA250923,7653.96,0.98,KCHI
SHGA250923,7655.24,0.2,MAL
SHGA250923,7656.0,0.2,FEM
SHGA250923,7656.06,4.84,KCHI
SHGA250923,7660.62,0.88,MAL
SHGA250923,7662.96,0.96,KCHI
SHGA250923,7665.34,0.14,KCHI
SHGA250923,7666.38,0.52,KCHI
SHGA250923,7669.46,0.38,FEM
SHGA250923,7672.2,1.12,FEM
SHGA250923,7683.28,0.62,KCHI
SHGA250923,7684.06,1.14,KCHI
SHGA250923,7685.38,1.24,FEM
SHGA250923,7687.34,2.02,FEM
SHGA250923,7697.82,0.16,FEM
SHGA250923,7698.1,0.3,FEM
SHGA250923,7698.54,2.76,FEM
SHGA250923,7698.68,2.56,KCHI
SHGA250923,7714.3,1.88,FEM
SHGA250923,7716.86,0.16,FEM
SHGA250923,7719.28,0.44,FEM
SHGA250923,7720.46,0.74,FEM
SHGA250923,7733.36,1.94,FEM
SHGA250923,7736.04,1.08,FEM
SHGA250923,7745.58,1.24,FEM
SHGA250923,7753.04,0.38,KCHI
SHGA250923,7757.16,3.84,FEM
SHGA250923,7764.22,0.22,KCHI
SHGA250923,7764.98,1.08,FEM
SHGA250923,7772.94,0.28,FEM
SHGA250923,7775.36,1.56,FEM
SHGA250923,7788.86,1.44,KCHI
SHGA250923,7788.86,1.66,FEM
SHGA250923,7792.36,0.1,FEM
SHGA250923,7792.56,0.16,FEM
SHGA250923,7800.8,0.8,KCHI
SHGA250923,7802.52,1.22,FEM
SHGA250923,7808.76,0.22,KCHI
SHGA250923,7824.68,0.2,KCHI
SHGA250923,7824.68,0.36,FEM
SHGA250923,7825.44,0.1,FEM
SHGA250923,7825.64,1.66,FEM
SHGA250923,7829.42,0.2,MAL
SHGA250923,7830.96,1.48,FEM
SHGA250923,7847.16,0.52,MAL
SHGA250923,7847.88,0.12,MAL
SHGA250923,7848.14,0.12,MAL
SHGA250923,7848.56,1.28,KCHI
SHGA250923,7850.18,2.36,FEM
SHGA250923,7850.98,0.9,KCHI
SHGA250923,7853.24,0.5,FEM
SHGA250923,7854.64,1.82,KCHI
SHGA250923,7858.66,0.44,KCHI
SHGA250923,7859.26,0.16,KCHI
SHGA250923,7859.52,0.12,KCHI
SHGA250923,7859.56,4.92,FEM
SHGA250923,7860.78,1.24,KCHI
SHGA250923,7862.96,0.16,KCHI
SHGA250923,7863.78,0.4,KCHI
SHGA250923,7869.18,0.38,FEM
SHGA250923,7872.6,0.78,MAL
SHGA250923,7880.14,0.8,FEM
SHGA250923,7881.1,0.7,FEM
SHGA250923,7888.36,0.58,KCHI
SHGA250923,7907.64,1.26,FEM
SHGA250923,7909.26,0.9,FEM
SHGA250923,7924.36,1.02,FEM
SHGA250923,7928.16,1.0,FEM
SHGA250923,7929.44,1.82,FEM
SHGA250923,7932.14,0.44,KCHI
SHGA250923,7934.0,1.92,MAL
SHGA250923,7936.12,0.34,KCHI
SHGA250923,7936.12,3.98,FEM
SHGA250923,7937.8,1.7,KCHI
SHGA250923,7945.12,1.08,FEM
SHGA250923,7946.8,1.2,FEM
SHGA250923,7947.16,0.86,KCHI
SHGA250923,7952.5,1.72,KCHI
SHGA250923,7957.04,0.32,KCHI
SHGA250923,7959.3,0.6,KCHI
SHGA250923,7964.26,0.12,KCHI
SHGA250923,7964.54,1.98,KCHI
SHGA250923,7964.84,1.32,FEM
SHGA250923,7969.18,1.12,KCHI
SHGA250923,7972.06,1.38,KCHI
SHGA250923,7972.16,1.1,FEM
SHGA250923,7975.14,0.52,MAL
SHGA250923,7981.1,1.22,KCHI
SHGA250923,7982.44,0.76,KCHI
SHGA250923,7983.88,0.2,FEM
SHGA250923,7984.82,3.0,FEM
SHGA250923,7991.04,2.34,KCHI
SHGA250923,7994.22,0.86,MAL
SHGA250923,7995.64,0.18,FEM
SHGA250923,7995.82,0.32,MAL
SHGA250923,7997.88,0.6,MAL
SHGA250923,7998.8,0.94,KCHI
SHGA250923,8002.76,2.5,KCHI
SHGA250923,8004.84,0.18,FEM
SHGA250923,8005.54,0.68,MAL
SHGA250923,8006.26,0.66,FEM
SHGA250923,8006.96,0.26,KCHI
SHGA250923,8007.76,0.1,KCHI
SHGA250923,8008.62,1.84,KCHI
SHGA250923,8010.5,1.1,FEM
SHGA250923,8011.52,0.96,KCHI
SHGA250923,8013.86,0.62,KCHI
SHGA250923,8014.8,1.62,FEM
SHGA250923,8016.78,1.54,KCHI
SHGA250923,8020.2,0.6,MAL
SHGA250923,8020.98,0.64,FEM
SHGA250923,8031.36,1.68,MAL
SHGA250923,8034.34,1.88,FEM
SHGA250923,8036.34,0.28,FEM
SHGA250923,8037.06,1.82,FEM
SHGA250923,8040.4,3.18,FEM
SHGA250923,8049.1,1.72,FEM
SHGA250923,8051.12,0.12,FEM
SHGA250923,8051.36,0.24,FEM
SHGA250923,8051.62,1.9,KCHI
SHGA250923,8055.28,0.24,FEM
SHGA250923,8057.36,1.26,MAL
SHGA250923,8060.08,0.74,MAL
SHGA250923,8061.08,0.58,FEM
SHGA250923,8063.48,0.36,FEM
SHGA250923,8064.14,1.1,OCH
SHGA250923,8065.38,2.1,OCH
SHGA250923,8068.36,0.44,FEM
SHGA250923,8070.08,0.48,FEM
SHGA250923,8072.06,0.18,OCH
SHGA250923,8074.86,1.02,FEM
SHGA250923,8077.28,0.12,FEM
SHGA250923,8080.24,1.06,FEM
SHGA250923,8081.56,0.22,FEM
SHGA250923,8081.96,1.2,FEM
SHGA250923,8083.84,0.7,KCHI
SHGA250923,8084.96,0.12,FEM
SHGA250923,8086.58,0.22,FEM
SHGA250923,8086.92,0.16,FEM
SHGA250923,8087.36,3.98,OCH
SHGA250923,8104.16,3.1,FEM
SHGA250923,8108.06,2.92,FEM
SHGA250923,8108.54,1.46,KCHI
SHGA250923,8111.24,2.56,KCHI
SHGA250923,8112.02,3.3,FEM
SHGA250923,8116.24,2.96,FEM
SHGA250923,8119.64,2.02,KCHI
SHGA250923,8121.7,2.4,FEM
SHGA250923,8121.72,0.22,OCH
SHGA250923,8123.18,3.32,KCHI
SHGA250923,8124.6,1.36,FEM
SHGA250923,8126.06,0.12,FEM
SHGA250923,8126.76,0.1,KCHI
SHGA250923,8127.36,0.8,FEM
SHGA250923,8129.06,0.96,FEM
SHGA250923,8131.3,0.42,KCHI
SHGA250923,8132.92,11.46,FEM
SHGA250923,8144.62,1.46,FEM
SHGA250923,8145.48,0.88,KCHI
SHGA250923,8146.44,2.68,FEM
SHGA250923,8149.2,0.8,KCHI
SHGA250923,8150.26,1.52,FEM
SHGA250923,8153.24,0.54,FEM
SHGA250923,8163.46,0.82,KCHI
SHGA250923,8167.58,0.74,KCHI
SHGA250923,8168.26,1.36,FEM
SHGA250923,8169.84,2.2,FEM
SHGA250923,8171.66,1.14,KCHI
SHGA250923,8172.5,5.64,FEM
SHGA250923,8174.92,0.94,KCHI
SHGA250923,8178.56,2.78,FEM
SHGA250923,8181.46,4.64,FEM
SHGA250923,8187.24,1.32,FEM
SHGA250923,8189.34,1.28,FEM
SHGA250923,8193.2,1.22,FEM
SHGA250923,8194.82,1.92,FEM
SHGA250923,8196.92,2.26,FEM
SHGA250923,8199.84,0.46,KCHI
SHGA250923,8200.38,1.38,FEM
SHGA250923,8201.88,0.46,KCHI
SHGA250923,8202.32,0.46,FEM
SHGA250923,8202.56,0.22,KCHI
SHGA250923,8202.78,1.94,OCH
SHGA250923,8203.62,2.98,KCHI
SHGA250923,8207.4,0.46,MAL
SHGA250923,8208.58,0.54,MAL
SHGA250923,8209.3,1.02,KCHI
SHGA250923,8210.58,0.42,MAL
SHGA250923,8211.14,0.92,KCHI
SHGA250923,8213.52,0.78,KCHI
SHGA250923,8214.72,0.72,FEM
SHGA250923,8215.42,0.5,KCHI
SHGA250923,8215.94,0.56,FEM
SHGA250923,8216.62,1.22,KCHI
SHGA250923,8217.9,0.8,FEM
SHGA250923,8218.04,0.66,KCHI
SHGA250923,8218.7,0.3,MAL
SHGA250923,8219.16,0.5,KCHI
SHGA250923,8220.16,1.62,MAL
SHGA250923,8221.0,0.24,KCHI
SHGA250923,8221.8,0.88,KCHI
SHGA250923,8222.74,0.54,MAL
SHGA250923,8223.54,1.46,KCHI
SHGA250923,8224.1,3.8,FEM
SHGA250923,8227.96,0.42,KCHI
SHGA250923,8228.58,2.54,FEM
SHGA250923,8231.42,1.88,FEM
SHGA250923,8233.72,0.6,KCHI
SHGA250923,8234.62,3.98,FEM
SHGA250923,8235.14,0.32,KCHI
SHGA250923,8236.42,0.4,KCHI
SHGA250923,8238.6,1.1,OCH
SHGA250923,8240.8,4.86,FEM
SHGA250923,8241.96,0.2,KCHI
SHGA250923,8245.98,2.72,FEM
SHGA250923,8249.46,1.0,FEM
SHGA250923,8250.26,1.48,MAL
SHGA250923,8258.14,1.26,FEM
SHGA250923,8260.06,0.4,KCHI
SHGA250923,8260.06,1.88,FEM
SHGA250923,8260.94,0.36,KCHI
SHGA250923,8264.3,2.16,FEM
SHGA250923,8266.46,0.12,KCHI
SHGA250923,8267.8,2.74,FEM
SHGA250923,8268.0,0.16,KCHI
SHGA250923,8271.7,0.62,MAL
SHGA250923,8272.08,0.24,KCHI
SHGA250923,8273.54,0.52,MAL
SHGA250923,8274.08,1.84,FEM
SHGA250923,8275.7,0.7,KCHI
SHGA250923,8276.88,1.16,MAL
SHGA250923,8283.92,1.38,MAL
SHGA250923,8284.36,0.24,FEM
SHGA250923,8284.82,0.12,FEM
SHGA250923,8285.06,0.28,FEM
SHGA250923,8286.36,0.14,KCHI
SHGA250923,8286.66,0.72,MAL
SHGA250923,8288.08,2.8,KCHI
SHGA250923,8290.86,0.94,FEM
SHGA250923,8292.0,1.7,KCHI
SHGA250923,8294.86,1.12,MAL
SHGA250923,8297.38,0.92,KCHI
SHGA250923,8298.7,0.12,KCHI
SHGA250923,8299.44,1.64,KCHI
SHGA250923,8302.28,0.58,KCHI
SHGA250923,8303.1,2.14,KCHI
SHGA250923,8310.24,0.2,MAL
SHGA250923,8310.98,0.52,FEM
SHGA250923,8311.62,0.6,FEM
SHGA250923,8312.58,0.4,FEM
SHGA250923,8313.16,3.1,MAL
SHGA250923,8320.2,4.98,FEM
SHGA250923,8325.18,0.26,KCHI
SHGA250923,8325.54,0.62,FEM
SHGA250923,8325.72,0.16,KCHI
SHGA250923,8326.04,0.16,KCHI
SHGA250923,8326.84,0.62,KCHI
SHGA250923,8327.88,0.5,FEM
SHGA250923,8330.14,3.82,KCHI
SHGA250923,8334.02,0.1,FEM
SHGA250923,8334.32,0.54,KCHI
SHGA250923,8335.18,0.38,KCHI
SHGA250923,8335.82,0.68,KCHI
SHGA250923,8336.62,3.02,KCHI
SHGA250923,8339.7,0.6,MAL
SHGA250923,8341.78,0.3,MAL
SHGA250923,8342.28,0.7,KCHI
SHGA250923,8346.06,0.52,MAL
SHGA250923,8347.64,0.76,MAL
SHGA250923,8348.7,0.22,OCH
SHGA250923,8354.88,0.2,KCHI
SHGA250923,8362.18,1.64,KCHI
SHGA250923,8363.78,2.18,FEM
SHGA250923,8364.54,0.52,KCHI
SHGA250923,8369.18,0.72,MAL
SHGA250923,8369.94,0.26,KCHI
SHGA250923,8370.3,0.14,MAL
SHGA250923,8370.44,0.22,KCHI
SHGA250923,8371.0,0.4,KCHI
SHGA250923,8371.72,0.32,KCHI
SHGA250923,8372.18,0.48,MAL
SHGA250923,8372.58,0.28,KCHI
SHGA250923,8372.92,0.34,FEM
SHGA250923,8373.82,0.38,MAL
SHGA250923,8374.36,2.88,KCHI
SHGA250923,8379.24,0.36,KCHI
SHGA250923,8380.84,1.5,FEM
SHGA250923,8384.72,0.3,MAL
SHGA250923,8385.14,0.32,MAL
SHGA250923,8390.66,1.76,FEM
SHGA250923,8392.3,1.52,MAL
SHGA250923,8395.88,1.42,KCHI
SHGA250923,8397.02,1.28,FEM
SHGA250923,8397.7,2.44,KCHI
SHGA250923,8399.32,2.34,FEM
SHGA250923,8401.78,1.98,KCHI
SHGA250923,8405.42,0.32,KCHI
SHGA250923,8405.76,0.12,FEM
SHGA250923,8405.88,0.18,OCH
SHGA250923,8406.06,0.48,KCHI
SHGA250923,8406.9,0.48,KCHI
SHGA250923,8407.26,2.48,FEM
SHGA250923,8410.0,0.1,KCHI
SHGA250923,8410.24,0.38,KCHI
SHGA250923,8411.72,0.48,OCH
SHGA250923,8413.72,1.52,OCH
SHGA250923,8414.84,1.18,KCHI
SHGA250923,8416.06,0.36,FEM
SHGA250923,8416.56,1.64,KCHI
SHGA250923,8419.76,0.6,KCHI
SHGA250923,8422.78,0.1,KCHI
SHGA250923,8423.56,1.58,MAL
SHGA250923,8425.66,1.34,KCHI
SHGA250923,8427.72,0.48,KCHI
SHGA250923,8428.72,0.92,FEM
SHGA250923,8430.52,0.46,MAL
SHGA250923,8433.12,1.0,FEM
SHGA250923,8433.9,3.14,KCHI
SHGA250923,8437.48,0.12,FEM
SHGA250923,8439.6,0.64,KCHI
SHGA250923,8440.56,2.06,KCHI
SHGA250923,8443.52,2.04,FEM
SHGA250923,8445.72,3.12,FEM
SHGA250923,8448.48,0.42,KCHI
SHGA250923,8449.02,1.4,FEM
SHGA250923,8450.3,0.72,KCHI
SHGA250923,8451.42,1.74,KCHI
SHGA250923,8453.52,1.48,FEM
SHGA250923,8454.56,1.08,KCHI
SHGA250923,8454.58,1.02,OCH
SHGA250923,8457.58,1.56,FEM
SHGA250923,8459.24,1.24,FEM
SHGA250923,8462.2,1.54,FEM
SHGA250923,8464.4,1.06,MAL
SHGA250923,8465.62,1.76,FEM
SHGA250923,8467.6,2.38,FEM
SHGA250923,8470.84,0.54,FEM
SHGA250923,8473.42,1.12,KCHI
SHGA250923,8476.68,0.72,KCHI
SHGA250923,8479.14,4.16,FEM
SHGA250923,8480.08,1.5,KCHI
SHGA250923,8481.76,0.1,KCHI
SHGA250923,8482.32,0.18,KCHI
SHGA250923,8483.2,0.32,KCHI
SHGA250923,8483.44,0.14,FEM
SHGA250923,8483.78,0.6,KCHI
SHGA250923,8484.42,1.74,MAL
SHGA250923,8488.88,0.46,MAL
SHGA250923,8494.38,0.44,KCHI
SHGA250923,8494.76,0.1,MAL
SHGA250923,8495.68,1.26,MAL
SHGA250923,8497.1,0.2,KCHI
SHGA250923,8497.3,0.8,MAL
SHGA250923,8498.18,0.46,KCHI
SHGA250923,8498.88,1.26,MAL
SHGA250923,8500.76,0.36,KCHI
SHGA250923,8501.48,2.32,MAL
SHGA250923,8503.84,0.1,FEM
SHGA250923,8504.02,0.18,MAL
SHGA250923,8510.56,3.28,FEM
SHGA250923,8513.9,0.62,KCHI
SHGA250923,8515.14,1.14,KCHI
SHGA250923,8517.2,0.14,KCHI
SHGA250923,8524.1,2.64,FEM
SHGA250923,8527.68,0.54,KCHI
SHGA250923,8529.94,2.14,MAL
SHGA250923,8532.5,0.4,KCHI
SHGA250923,8534.3,2.16,OCH
SHGA250923,8540.64,0.96,MAL
SHGA250923,8543.46,0.56,MAL
SHGA250923,8546.82,0.58,KCHI
SHGA250923,8547.92,0.68,KCHI
SHGA250923,8552.12,0.14,OCH
SHGA250923,8552.6,0.2,OCH
SHGA250923,8554.64,2.36,MAL
SHGA250923,8559.56,0.72,KCHI
SHGA250923,8560.98,1.12,MAL
SHGA250923,8562.92,0.96,MAL
SHGA250923,8564.24,0.34,MAL
SHGA250923,8564.96,1.94,MAL
SHGA250923,8567.18,1.48,KCHI
SHGA250923,8568.32,1.02,MAL
SHGA250923,8569.84,0.28,MAL
SHGA250923,8570.9,2.02,MAL
SHGA250923,8572.92,0.58,FEM
SHGA250923,8572.96,2.66,KCHI
SHGA250923,8575.62,1.14,FEM
SHGA250923,8576.48,0.8,KCHI
SHGA250923,8577.4,2.74,OCH
SHGA250923,8581.1,2.14,FEM
SHGA250923,8583.62,0.24,FEM
SHGA250923,8583.78,2.54,MAL
SHGA250923,8584.6,0.26,KCHI
SHGA250923,8586.54,0.7,KCHI
SHGA250923,8588.66,0.58,KCHI
SHGA250923,8589.26,0.4,FEM
SHGA250923,8589.74,0.9,KCHI
SHGA250923,8590.9,0.42,FEM
SHGA250923,8591.38,1.34,KCHI
SHGA250923,8594.8,2.0,FEM
SHGA250923,8595.52,0.82,OCH
SHGA250923,8596.2,0.4,KCHI
SHGA250923,8596.46,0.3,OCH
SHGA250923,8596.7,0.4,KCHI
SHGA250923,8597.36,0.36,KCHI
SHGA250923,8598.22,1.32,FEM
SHGA250923,8599.58,1.96,KCHI
SHGA250923,8602.52,0.38,KCHI
SHGA250923,8602.92,0.54,FEM
SHGA250923,8603.98,0.78,FEM
SHGA250923,8604.42,1.3,MAL
SHGA250923,8613.72,1.32,MAL
SHGA250923,8616.7,0.76,FEM
SHGA250923,8617.84,0.56,FEM
SHGA250923,8619.0,0.98,FEM
SHGA250923,8621.38,1.68,KCHI
SHGA250923,8623.74,2.4,KCHI
SHGA250923,8627.3,0.34,KCHI
SHGA250923,8627.56,1.08,FEM
SHGA250923,8629.78,1.28,KCHI
SHGA250923,8633.26,1.4,MAL
SHGA250923,8635.72,0.54,KCHI
SHGA250923,8636.6,0.82,KCHI
SHGA250923,8641.32,1.3,OCH
SHGA250923,8648.54,1.08,FEM
SHGA250923,8655.44,1.52,KCHI
SHGA250923,8658.58,5.88,FEM
SHGA250923,8666.46,0.7,KCHI
SHGA250923,8667.34,5.08,FEM
SHGA250923,8668.44,0.76,KCHI
SHGA250923,8669.34,0.28,KCHI
SHGA250923,8670.08,0.34,KCHI
SHGA250923,8674.56,1.84,KCHI
SHGA250923,8676.4,0.48,MAL
SHGA250923,8676.88,1.84,KCHI
SHGA250923,8677.6,0.12,MAL
SHGA250923,8679.52,2.44,MAL
SHGA250923,8682.0,0.8,KCHI
SHGA250923,8682.76,1.6,FEM
SHGA250923,8688.34,1.58,FEM
SHGA250923,8689.98,0.4,KCHI
SHGA250923,8691.02,0.34,KCHI
SHGA250923,8693.56,0.42,MAL
SHGA250923,8694.6,1.7,FEM
SHGA250923,8696.3,0.24,OCH
SHGA250923,8697.04,0.6,FEM
SHGA250923,8698.66,1.1,KCHI
SHGA250923,8698.94,0.12,OCH
SHGA250923,8699.48,0.8,OCH
SHGA250923,8700.28,0.68,KCHI
SHGA250923,8702.24,0.18,OCH
SHGA250923,8702.54,0.28,OCH
SHGA250923,8703.66,2.02,OCH
SHGA250923,8705.68,5.76,KCHI
SHGA250923,8712.22,0.62,OCH
SHGA250923,8712.4,0.1,KCHI
SHGA250923,8712.74,1.74,KCHI
SHGA250923,8716.2,1.4,KCHI
SHGA250923,8717.9,0.44,KCHI
SHGA250923,8718.44,1.16,KCHI
SHGA250923,8719.92,0.26,KCHI
SHGA250923,8719.98,2.92,FEM
SHGA250923,8723.5,3.06,FEM
SHGA250923,8727.62,1.02,FEM
SHGA250923,8728.9,2.32,FEM
SHGA250923,8730.3,0.98,KCHI
SHGA250923,8732.26,1.58,KCHI
SHGA250923,8733.38,0.78,MAL
SHGA250923,8734.18,0.92,KCHI
SHGA250923,8735.04,0.9,MAL
SHGA250923,8736.1,0.24,KCHI
SHGA250923,8736.5,0.74,MAL
SHGA250923,8737.34,0.12,FEM
SHGA250923,8737.58,0.94,FEM
SHGA250923,8738.68,2.06,MAL
SHGA250923,8741.96,1.2,FEM
SHGA250923,8742.74,0.98,KCHI
SHGA250923,8743.7,0.34,OCH
SHGA250923,8744.04,0.12,KCHI
SHGA250923,8744.62,0.48,KCHI
SHGA250923,8747.78,1.82,KCHI
SHGA250923,8749.48,2.04,FEM
SHGA250923,8750.38,1.94,KCHI
SHGA250923,8752.34,0.42,MAL
SHGA250923,8752.76,2.94,KCHI
SHGA250923,8758.44,0.66,KCHI
SHGA250923,8759.7,0.48,KCHI
SHGA250923,8760.28,0.18,KCHI
SHGA250923,8760.28,0.32,OCH
SHGA250923,8761.56,0.54,OCH
SHGA250923,8761.68,0.4,KCHI
SHGA250923,8764.24,2.6,MAL
SHGA250923,8768.04,0.86,KCHI
SHGA250923,8777.98,1.06,OCH
SHGA250923,8779.88,0.86,KCHI
SHGA250923,8781.0,0.42,KCHI
SHGA250923,8781.82,0.38,KCHI
SHGA250923,8782.58,2.3,KCHI
SHGA250923,8783.2,0.58,FEM
SHGA250923,8784.58,0.78,FEM
SHGA250923,8785.12,2.12,KCHI
SHGA250923,8786.36,0.92,FEM
SHGA250923,8787.54,1.7,FEM
SHGA250923,8789.32,0.98,KCHI
SHGA250923,8795.36,2.36,KCHI
SHGA250923,8798.36,2.5,KCHI
SHGA250923,8801.82,2.84,KCHI
SHGA250923,8804.84,0.7,MAL
SHGA250923,8806.54,0.48,MAL
SHGA250923,8807.06,4.66,FEM
SHGA250923,8807.12,0.14,MAL
SHGA250923,8811.98,0.74,KCHI
SHGA250923,8814.14,2.5,KCHI
SHGA250923,8814.16,0.52,FEM
SHGA250923,8820.78,0.96,MAL
SHGA250923,8823.66,5.22,FEM
SHGA250923,8835.6,0.96,KCHI
SHGA250923,8837.08,1.16,KCHI
SHGA250923,8838.5,0.88,FEM
SHGA250923,8839.58,2.5,FEM
SHGA250923,8841.88,2.74,KCHI
SHGA250923,8844.36,0.56,FEM
SHGA250923,8845.26,2.28,FEM
SHGA250923,8847.36,0.18,KCHI
SHGA250923,8852.02,1.7,MAL
SHGA250923,8855.3,1.18,KCHI
SHGA250923,8863.46,2.84,KCHI
SHGA250923,8867.06,0.38,FEM
SHGA250923,8867.34,0.14,KCHI
SHGA250923,8868.04,0.26,KCHI
SHGA250923,8868.46,1.6,KCHI
SHGA250923,8871.42,3.86,KCHI
SHGA250923,8877.06,0.8,KCHI
SHGA250923,8885.94,1.4,MAL
SHGA250923,8887.34,0.48,KCHI
SHGA250923,8895.56,6.54,KCHI
SHGA250923,8902.2,1.92,KCHI
SHGA250923,8904.58,0.42,MAL
SHGA250923,8905.34,1.04,MAL
SHGA250923,8906.52,0.2,KCHI
SHGA250923,8906.86,0.38,MAL
SHGA250923,8908.02,3.2,KCHI
SHGA250923,8911.7,2.14,KCHI
SHGA250923,8914.34,0.74,KCHI
SHGA250923,8915.82,1.26,KCHI
SHGA250923,8917.2,0.8,KCHI
SHGA250923,8918.14,0.62,KCHI
SHGA250923,8919.1,0.68,KCHI
SHGA250923,8920.5,1.4,KCHI
SHGA250923,8923.16,1.3,OCH
SHGA250923,8925.62,1.52,OCH
SHGA250923,8927.14,1.26,KCHI
SHGA250923,8928.62,1.42,MAL
SHGA250923,8930.32,0.8,FEM
SHGA250923,8930.72,0.32,KCHI
SHGA250923,8932.84,0.34,KCHI
SHGA250923,8935.48,1.04,MAL
SHGA250923,8937.2,0.34,KCHI
SHGA250923,8938.24,0.84,FEM
SHGA250923,8939.08,1.2,MAL
SHGA250923,8941.86,1.2,FEM
SHGA250923,8945.1,0.56,KCHI
SHGA250923,8947.04,0.74,MAL
SHGA250923,8948.6,0.7,MAL
SHGA250923,8950.14,1.22,MAL
SHGA250923,8952.5,0.5,FEM
SHGA250923,8954.3,0.38,MAL
SHGA250923,8955.48,1.46,FEM
SHGA250923,8958.98,0.32,MAL
SHGA250923,8960.42,1.86,KCHI
SHGA250923,8963.84,0.76,MAL
SHGA250923,8964.62,3.98,KCHI
SHGA250923,8968.82,2.1,MAL
SHGA250923,8970.92,0.92,KCHI
SHGA250923,8972.56,1.3,MAL
SHGA250923,8976.04,2.64,KCHI
SHGA250923,8978.88,5.74,KCHI
SHGA250923,8981.0,6.38,FEM
SHGA250923,8985.64,1.2,KCHI
SHGA250923,8987.4,1.02,MAL
SHGA250923,8987.88,1.1,FEM
SHGA250923,8988.82,0.56,MAL
SHGA250923,8989.08,3.72,FEM
SHGA250923,8993.34,2.26,FEM
SHGA250923,8998.78,0.8,FEM
SHGA250923,9000.3,2.1,FEM
SHGA250923,9002.9,0.78,KCHI
SHGA250923,9004.6,0.66,KCHI
SHGA250923,9005.46,0.3,MAL
SHGA250923,9006.18,2.12,KCHI
SHGA250923,9023.32,1.54,FEM
SHGA250923,9023.52,1.42,KCHI
SHGA250923,9025.42,1.22,FEM
SHGA250923,9026.66,1.62,MAL
SHGA250923,9028.32,2.56,KCHI
SHGA250923,9031.98,2.06,FEM
SHGA250923,9033.88,0.72,KCHI
SHGA250923,9034.6,1.54,FEM
SHGA250923,9035.56,1.24,KCHI
SHGA250923,9036.86,1.64,FEM
SHGA250923,9039.6,3.56,KCHI
SHGA250923,9043.16,0.7,MAL
SHGA250923,9044.04,1.18,KCHI
SHGA250923,9045.12,1.42,FEM
SHGA250923,9049.22,0.64,KCHI
SHGA250923,9050.52,1.96,MAL
SHGA250923,9054.04,3.26,MAL
SHGA250923,9058.86,1.14,FEM
SHGA250923,9061.46,0.54,MAL
SHGA250923,9071.64,2.14,FEM
SHGA250923,9074.08,0.28,MAL
SHGA250923,9075.46,0.3,FEM
SHGA250923,9076.54,1.84,KCHI
SHGA250923,9078.54,1.64,KCHI
SHGA250923,9080.26,0.92,MAL
SHGA250923,9081.18,0.5,KCHI
SHGA250923,9081.66,0.54,MAL
SHGA250923,9082.22,1.28,KCHI
SHGA250923,9082.36,0.26,MAL
SHGA250923,9083.66,2.12,KCHI
SHGA250923,9083.88,1.08,MAL
SHGA250923,9095.38,1.32,MAL
SHGA250923,9099.26,1.6,FEM
SHGA250923,9101.02,0.98,KCHI
SHGA250923,9102.0,0.26,FEM
SHGA250923,9105.86,1.26,MAL
SHGA250923,9107.58,0.66,MAL
SHGA250923,9108.44,1.68,FEM
SHGA250923,9110.22,1.32,MAL
SHGA250923,9112.24,1.36,MAL
SHGA250923,9113.6,0.48,FEM
SHGA250923,9114.08,0.12,MAL
SHGA250923,9115.06,1.36,KCHI
SHGA250923,9118.18,1.02,MAL
SHGA250923,9119.4,1.4,KCHI
SHGA250923,9120.74,1.42,FEM
SHGA250923,9122.16,0.84,KCHI
SHGA250923,9125.06,0.56,OCH
SHGA250923,9126.78,3.34,FEM
SHGA250923,9128.26,0.9,KCHI
SHGA250923,9129.62,0.7,KCHI
SHGA250923,9132.0,1.8,FEM
SHGA250923,9135.0,0.42,MAL
SHGA250923,9135.54,0.1,MAL
SHGA250923,9135.8,0.1,MAL
SHGA250923,9136.46,0.56,MAL
SHGA250923,9137.6,0.82,MAL
SHGA250923,9139.64,0.34,KCHI
SHGA250923,9140.32,1.24,KCHI
SHGA250923,9141.94,1.52,KCHI
SHGA250923,9143.92,2.08,KCHI
SHGA250923,9147.22,2.98,KCHI
SHGA250923,9150.22,1.04,MAL
SHGA250923,9151.18,0.72,KCHI
SHGA250923,9151.84,1.0,MAL
SHGA250923,9152.22,2.0,KCHI
SHGA250923,9155.14,1.62,MAL
SHGA250923,9156.92,0.92,KCHI
SHGA250923,9157.76,0.22,MAL
SHGA250923,9159.3,0.32,KCHI
SHGA250923,9159.74,1.76,KCHI
SHGA250923,9161.18,0.68,MAL
SHGA250923,9162.46,1.32,KCHI
SHGA250923,9163.08,1.74,FEM
SHGA250923,9166.56,0.5,KCHI
SHGA250923,9167.76,1.56,FEM
SHGA250923,9169.92,0.64,KCHI
SHGA250923,9169.94,0.8,OCH
SHGA250923,9171.14,0.6,MAL
SHGA250923,9172.38,0.22,KCHI
SHGA250923,9172.76,1.12,KCHI
SHGA250923,9173.9,1.08,FEM
SHGA250923,9174.66,1.14,KCHI
SHGA250923,9175.74,1.24,FEM
SHGA250923,9176.36,1.52,KCHI
SHGA250923,9177.88,0.32,MAL
SHGA250923,9178.2,1.16,FEM
SHGA250923,9179.22,0.88,KCHI
SHGA250923,9179.9,1.86,FEM
SHGA250923,9181.74,0.74,KCHI
SHGA250923,9182.0,1.52,FEM
SHGA250923,9183.38,1.44,KCHI
SHGA250923,9184.82,0.8,FEM
SHGA250923,9185.6,1.12,KCHI
SHGA250923,9186.72,0.56,FEM
SHGA250923,9187.92,1.3,KCHI
SHGA250923,9188.6,0.7,FEM
SHGA250923,9192.04,0.8,KCHI
SHGA250923,9197.78,6.32,FEM
SHGA250923,9200.06,0.42,KCHI
SHGA250923,9200.98,0.32,KCHI
SHGA250923,9202.28,0.94,KCHI
SHGA250923,9203.62,1.66,KCHI
SHGA250923,9205.26,0.98,FEM
SHGA250923,9206.46,0.62,KCHI
SHGA250923,9209.06,2.06,FEM
SHGA250923,9211.68,0.8,KCHI
SHGA250923,9212.46,1.04,FEM
SHGA250923,9213.12,2.04,MAL
SHGA250923,9215.12,0.5,KCHI
SHGA250923,9215.2,1.0,FEM
SHGA250923,9216.6,1.8,FEM
SHGA250923,9218.32,1.1,KCHI
SHGA250923,9218.8,3.56,FEM
SHGA250923,9223.42,0.42,KCHI
SHGA250923,9224.08,0.98,FEM
SHGA250923,9225.42,0.82,FEM
SHGA250923,9227.5,4.7,FEM
SHGA250923,9232.06,0.82,KCHI
SHGA250923,9232.9,3.5,FEM
SHGA250923,9233.56,1.14,KCHI
SHGA250923,9235.14,1.28,KCHI
SHGA250923,9237.42,0.16,FEM
SHGA250923,9237.58,0.1,KCHI
SHGA250923,9238.12,0.56,KCHI
SHGA250923,9238.16,1.04,OCH
SHGA250923,9240.36,0.54,KCHI
SHGA250923,9241.56,0.1,FEM
SHGA250923,9241.88,0.8,FEM
SHGA250923,9243.4,0.74,KCHI
SHGA250923,9245.38,3.4,KCHI
SHGA250923,9247.1,2.0,FEM
SHGA250923,9249.78,1.5,FEM
SHGA250923,9250.0,1.12,KCHI
SHGA250923,9252.38,1.82,FEM
SHGA250923,9253.9,0.32,KCHI
SHGA250923,9255.14,1.42,FEM
SHGA250923,9257.58,1.68,FEM
SHGA250923,9259.2,0.92,KCHI
SHGA250923,9259.96,1.5,FEM
SHGA250923,9261.76,0.84,OCH
SHGA250923,9262.64,0.98,FEM
SHGA250923,9264.04,2.96,KCHI
SHGA250923,9266.92,0.18,FEM
SHGA250923,9267.36,1.4,KCHI
SHGA250923,9268.82,2.74,FEM
SHGA250923,9272.62,0.78,FEM
SHGA250923,9274.32,0.56,KCHI
SHGA250923,9275.48,1.72,FEM
SHGA250923,9275.52,0.18,KCHI
SHGA250923,9278.48,2.88,FEM
SHGA250923,9279.98,1.38,KCHI
SHGA250923,9287.62,1.7,KCHI
SHGA250923,9289.72,0.9,KCHI
SHGA250923,9293.62,0.8,OCH
SHGA250923,9300.08,2.3,FEM
SHGA250923,9303.62,0.7,KCHI
SHGA250923,9305.78,1.98,KCHI
SHGA250923,9306.88,4.56,FEM
SHGA250923,9308.98,1.24,KCHI
SHGA250923,9311.76,0.98,KCHI
SHGA250923,9313.2,0.44,FEM
SHGA250923,9313.56,1.38,KCHI
SHGA250923,9314.94,2.24,FEM
SHGA250923,9316.0,1.18,KCHI
SHGA250923,9317.18,0.56,OCH
SHGA250923,9317.76,1.0,FEM
SHGA250923,9318.26,3.98,KCHI
SHGA250923,9322.5,0.12,FEM
SHGA250923,9322.58,2.26,KCHI
SHGA250923,9324.76,3.32,FEM
SHGA250923,9329.12,0.84,MAL
SHGA250923,9330.42,0.44,FEM
SHGA250923,9332.6,1.14,MAL
SHGA250923,9333.8,0.18,FEM
SHGA250923,9335.78,0.26,KCHI
SHGA250923,9336.06,1.02,OCH
SHGA250923,9337.42,0.78,FEM
SHGA250923,9338.06,1.66,KCHI
SHGA250923,9341.14,1.64,FEM
SHGA250923,9342.92,0.34,KCHI
SHGA250923,9342.96,0.14,FEM
SHGA250923,9343.42,1.96,KCHI
SHGA250923,9344.3,0.74,FEM
SHGA250923,9348.36,0.86,FEM
SHGA250923,9350.0,1.16,OCH
SHGA250923,9350.12,0.88,KCHI
SHGA250923,9350.16,3.14,FEM
SHGA250923,9353.94,1.48,FEM
SHGA250923,9355.66,1.04,MAL
SHGA250923,9358.66,0.72,FEM
SHGA250923,9363.86,1.08,OCH
SHGA250923,9364.94,1.9,FEM
SHGA250923,9366.9,0.46,MAL
SHGA250923,9367.36,0.38,KCHI
SHGA250923,9372.5,2.84,KCHI
SHGA250923,9372.9,0.44,FEM
SHGA250923,9374.46,0.84,FEM
SHGA250923,9376.22,0.24,KCHI
SHGA250923,9376.5,0.38,MAL
SHGA250923,9376.88,1.3,KCHI
SHGA250923,9378.24,2.16,MAL
SHGA250923,9379.1,0.16,KCHI
SHGA250923,9379.48,0.72,FEM
SHGA250923,9380.24,0.44,KCHI
SHGA250923,9380.54,0.32,MAL
SHGA250923,9382.12,0.34,KCHI
SHGA250923,9382.64,1.18,OCH
SHGA250923,9384.54,0.3,OCH
SHGA250923,9384.84,0.88,KCHI
SHGA250923,9389.28,4.82,FEM
SHGA250923,9393.66,0.26,KCHI
SHGA250923,9397.28,3.48,FEM
SHGA250923,9401.2,7.28,FEM
SHGA250923,9403.96,1.42,KCHI
SHGA250923,9406.06,0.24,KCHI
SHGA250923,9406.26,0.36,OCH
SHGA250923,9407.02,1.4,OCH
SHGA250923,9411.9,0.94,FEM
SHGA250923,9421.98,0.64,FEM
SHGA250923,9425.38,1.72,FEM
SHGA250923,9428.04,0.82,MAL
SHGA250923,9434.42,1.78,KCHI
SHGA250923,9436.4,0.18,KCHI
SHGA250923,9438.14,0.26,KCHI
SHGA250923,9438.4,2.98,MAL
SHGA250923,9440.56,1.6,OCH
SHGA250923,9442.54,5.38,FEM
SHGA250923,9444.84,0.6,KCHI
SHGA250923,9446.36,0.76,KCHI
SHGA250923,9448.52,0.88,KCHI
SHGA250923,9448.52,2.7,FEM
SHGA250923,9452.36,3.6,FEM
SHGA250923,9456.54,0.82,FEM
SHGA250923,9458.08,2.02,FEM
SHGA250923,9462.98,2.82,KCHI
SHGA250923,9465.46,2.38,FEM
SHGA250923,9466.16,0.92,KCHI
SHGA250923,9467.76,1.82,KCHI
SHGA250923,9469.52,2.32,FEM
SHGA250923,9470.22,0.7,KCHI
SHGA250923,9471.24,0.78,MAL
SHGA250923,9472.4,0.36,FEM
SHGA250923,9472.4,1.2,KCHI
SHGA250923,9473.76,1.86,FEM
SHGA250923,9475.2,0.78,MAL
SHGA250923,9476.56,0.4,FEM
SHGA250923,9476.96,2.14,KCHI
SHGA250923,9477.66,6.54,FEM
SHGA250923,9481.62,2.44,KCHI
SHGA250923,9484.52,3.64,KCHI
SHGA250923,9486.16,1.06,FEM
SHGA250923,9487.48,3.32,FEM
SHGA250923,9490.56,0.4,MAL
SHGA250923,9491.98,1.64,MAL
SHGA250923,9493.62,2.6,FEM
SHGA250923,9496.4,0.72,FEM
SHGA250923,9497.82,2.96,KCHI
SHGA250923,9500.28,3.96,FEM
SHGA250923,9501.16,0.12,KCHI
SHGA250923,9503.78,1.66,KCHI
SHGA250923,9505.24,0.6,FEM
SHGA250923,9507.1,1.12,FEM
SHGA250923,9509.06,0.54,FEM
SHGA250923,9509.82,0.28,KCHI
SHGA250923,9510.08,1.64,FEM
SHGA250923,9513.08,3.68,FEM
SHGA250923,9516.6,0.16,OCH
SHGA250923,9517.0,1.1,KCHI
SHGA250923,9517.3,2.2,FEM
SHGA250923,9518.52,0.3,KCHI
SHGA250923,9520.0,0.16,KCHI
SHGA250923,9520.48,1.14,FEM
SHGA250923,9522.56,0.64,FEM
SHGA250923,9523.86,0.12,FEM
SHGA250923,9524.14,0.84,FEM
SHGA250923,9527.84,0.28,OCH
SHGA250923,9528.12,0.5,FEM
SHGA250923,9532.68,1.18,KCHI
SHGA250923,9535.74,3.14,FEM
SHGA250923,9556.4,0.6,KCHI
SHGA250923,9559.0,0.32,KCHI
SHGA250923,9559.3,0.26,MAL
SHGA250923,9560.12,3.2,KCHI
SHGA250923,9564.08,0.1,KCHI
SHGA250923,9567.7,0.22,KCHI
SHGA250923,9567.92,0.16,MAL
SHGA250923,9568.2,1.36,MAL
SHGA250923,9569.98,1.38,MAL
SHGA250923,9571.96,0.2,KCHI
SHGA250923,9572.58,0.2,KCHI
SHGA250923,9573.14,0.28,KCHI
SHGA250923,9576.04,0.56,MAL
SHGA250923,9577.9,0.92,MAL
SHGA250923,9583.2,0.64,MAL
SHGA250923,9585.2,0.12,MAL
SHGA250923,9585.46,0.76,MAL
SHGA250923,9586.94,0.88,MAL
SHGA250923,9591.62,0.18,KCHI
SHGA250923,9594.62,0.7,OCH
SHGA250923,9595.78,3.48,KCHI
SHGA250923,9601.18,2.3,KCHI
SHGA250923,9603.9,1.66,KCHI
SHGA250923,9611.08,0.36,KCHI
SHGA250923,9611.78,0.1,OCH
SHGA250923,9612.14,1.08,MAL
SHGA250923,9618.74,0.4,KCHI
SHGA250923,9619.76,0.96,MAL
SHGA250923,9623.96,0.9,KCHI
SHGA250923,9625.8,1.46,KCHI
SHGA250923,9628.94,0.68,KCHI
SHGA250923,9631.74,0.7,KCHI
SHGA250923,9633.4,0.96,MAL
SHGA250923,9638.38,0.56,KCHI
SHGA250923,9640.4,0.88,FEM
SHGA250923,9641.68,0.88,KCHI
SHGA250923,9643.54,0.28,FEM
SHGA250923,9644.42,1.86,OCH
SHGA250923,9646.86,0.22,OCH
SHGA250923,9647.32,0.2,OCH
SHGA250923,9647.76,1.64,OCH
SHGA250923,9650.44,0.56,KCHI
SHGA250923,9652.06,0.74,KCHI
SHGA250923,9656.18,1.7,KCHI
SHGA250923,9660.04,0.36,OCH
SHGA250923,9667.42,0.54,MAL
SHGA250923,9672.14,2.58,OCH
SHGA250923,9687.42,0.64,KCHI
SHGA250923,9688.6,1.1,KCHI
SHGA250923,9691.58,0.72,KCHI
SHGA250923,9705.62,0.38,KCHI
SHGA250923,9707.4,0.16,MAL
SHGA250923,9708.34,1.16,KCHI
SHGA250923,9710.3,0.9,KCHI
SHGA250923,9711.2,0.18,FEM
SHGA250923,9711.36,2.24,KCHI
SHGA250923,9713.76,4.2,KCHI
SHGA250923,9718.86,8.26,KCHI
SHGA250923,9731.52,1.14,KCHI
SHGA250923,9732.78,0.24,KCHI
SHGA250923,9733.72,1.36,KCHI
SHGA250923,9736.3,0.54,KCHI
SHGA250923,9737.82,0.6,MAL
SHGA250923,9741.32,1.04,KCHI
SHGA250923,9743.16,0.56,KCHI
SHGA250923,9744.62,0.4,KCHI
SHGA250923,9747.02,2.7,KCHI
SHGA250923,9751.0,0.26,KCHI
SHGA250923,9752.08,1.78,KCHI
SHGA250923,9754.18,0.8,OCH
SHGA250923,9754.98,1.98,KCHI
SHGA250923,9757.7,0.24,KCHI
SHGA250923,9758.1,0.54,KCHI
SHGA250923,9759.28,1.42,MAL
SHGA250923,9762.4,0.54,FEM
SHGA250923,9764.02,1.42,KCHI
SHGA250923,9767.6,1.1,KCHI
SHGA250923,9770.9,1.32,KCHI
SHGA250923,9772.3,0.84,FEM
SHGA250923,9773.36,1.46,KCHI
SHGA250923,9775.9,1.14,KCHI
SHGA250923,9778.86,1.12,FEM
SHGA250923,9779.76,0.98,KCHI
SHGA250923,9781.62,1.14,OCH
SHGA250923,9783.62,1.56,KCHI
SHGA250923,9786.46,0.24,OCH
SHGA250923,9786.82,0.78,OCH
SHGA250923,9788.16,0.6,OCH
SHGA250923,9790.24,0.56,OCH
SHGA250923,9791.72,1.94,KCHI
SHGA250923,9793.26,1.52,FEM
SHGA250923,9794.46,1.66,KCHI
SHGA250923,9801.42,0.66,KCHI
SHGA250923,9806.72,0.58,KCHI
SHGA250923,9807.46,0.66,MAL
SHGA250923,9808.26,0.86,MAL
SHGA250923,9810.7,1.32,OCH
SHGA250923,9820.68,0.24,MAL
SHGA250923,9822.64,1.48,OCH
SHGA250923,9824.24,1.98,OCH
SHGA250923,9827.22,1.1,FEM
SHGA250923,9828.42,1.68,KCHI
SHGA250923,9829.88,0.52,FEM
SHGA250923,9831.5,3.08,OCH
SHGA250923,9832.06,0.58,KCHI
SHGA250923,9833.82,0.36,KCHI
SHGA250923,9835.42,3.36,OCH
SHGA250923,9838.6,3.12,FEM
SHGA250923,9841.26,0.16,KCHI
SHGA250923,9842.0,0.82,FEM
SHGA250923,9844.04,0.4,KCHI
SHGA250923,9844.42,1.6,FEM
SHGA250923,9845.28,0.68,KCHI
SHGA250923,9846.82,3.9,OCH
SHGA250923,9847.22,1.06,FEM
SHGA250923,9850.96,4.16,OCH
SHGA250923,9855.2,0.4,KCHI
SHGA250923,9855.92,0.4,OCH
SHGA250923,9856.0,0.62,KCHI
SHGA250923,9856.82,1.4,OCH
SHGA250923,9858.46,4.94,OCH
SHGA250923,9861.86,0.14,KCHI
SHGA250923,9862.1,0.34,KCHI
SHGA250923,9862.64,1.14,FEM
SHGA250923,9863.64,0.78,KCHI
SHGA250923,9864.56,1.06,FEM
SHGA250923,9865.48,3.08,KCHI
SHGA250923,9866.42,0.16,FEM
SHGA250923,9868.48,1.36,OCH
SHGA250923,9869.92,2.86,KCHI
SHGA250923,9873.2,0.5,OCH
SHGA250923,9874.18,1.94,OCH
SHGA250923,9876.0,2.14,KCHI
SHGA250923,9878.02,0.34,OCH
SHGA250923,9879.5,2.28,KCHI
SHGA250923,9882.78,1.86,OCH
SHGA250923,9884.82,0.84,KCHI
SHGA250923,9885.36,0.18,OCH
SHGA250923,9885.74,0.58,MAL
SHGA250923,9886.58,2.24,KCHI
SHGA250923,9889.24,0.96,OCH
SHGA250923,9889.42,0.4,FEM
SHGA250923,9890.1,1.46,KCHI
SHGA250923,9892.02,0.76,FEM
SHGA250923,9895.8,0.48,KCHI
SHGA250923,9896.48,0.3,KCHI
SHGA250923,9897.38,0.48,KCHI
SHGA250923,9898.08,2.88,KCHI
SHGA250923,9898.12,0.14,FEM
SHGA250923,9900.62,1.5,OCH
SHGA250923,9902.32,0.3,MAL
SHGA250923,9903.26,1.72,KCHI
SHGA250923,9907.94,0.32,OCH
SHGA250923,9908.54,2.64,KCHI
SHGA250923,9912.9,0.22,KCHI
SHGA250923,9913.14,1.04,OCH
SHGA250923,9914.18,0.84,FEM
SHGA250923,9915.32,0.54,OCH
SHGA250923,9916.6,1.56,KCHI
SHGA250923,9918.16,1.9,OCH
SHGA250923,9920.08,1.82,KCHI
SHGA250923,9922.14,0.12,OCH
SHGA250923,9922.66,1.98,KCHI
SHGA250923,9924.74,0.56,OCH
SHGA250923,9925.14,0.98,KCHI
SHGA250923,9926.26,1.32,KCHI
SHGA250923,9927.98,0.74,FEM
SHGA250923,9928.8,1.72,KCHI
SHGA250923,9930.62,3.16,FEM
SHGA250923,9933.74,0.22,OCH
SHGA250923,9933.96,0.12,KCHI
SHGA250923,9934.08,1.76,OCH
SHGA250923,9934.28,1.3,MAL
SHGA250923,9935.86,1.96,KCHI
SHGA250923,9937.9,0.88,MAL
SHGA250923,9939.04,1.58,KCHI
SHGA250923,9941.16,0.26,MAL
SHGA250923,9941.22,0.96,FEM
SHGA250923,9942.76,2.64,KCHI
SHGA250923,9945.6,0.14,OCH
SHGA250923,9945.88,0.14,OCH
SHGA250923,9946.02,0.38,MAL
SHGA250923,9946.46,2.76,KCHI
SHGA250923,9948.98,1.02,FEM
SHGA250923,9950.28,0.86,FEM
SHGA250923,9951.14,1.78,KCHI
SHGA250923,9953.12,0.14,FEM
SHGA250923,9953.86,0.12,MAL
SHGA250923,9954.4,1.28,KCHI
SHGA250923,9958.04,1.4,FEM
SHGA250923,9960.76,0.5,FEM
SHGA250923,9961.94,0.96,OCH
SHGA250923,9963.1,0.64,FEM
SHGA250923,9964.26,1.02,FEM
SHGA250923,9966.18,2.16,KCHI
SHGA250923,9968.32,0.26,FEM
SHGA250923,9969.24,0.66,FEM
SHGA250923,9969.9,0.18,KCHI
SHGA250923,9970.3,0.46,KCHI
SHGA250923,9971.12,0.16,KCHI
SHGA250923,9971.48,0.22,KCHI
SHGA250923,9972.06,0.26,FEM
SHGA250923,9973.88,0.4,FEM
SHGA250923,9973.88,2.52,KCHI
SHGA250923,9974.46,3.4,FEM
SHGA250923,9977.46,0.82,KCHI
SHGA250923,9978.28,0.1,OCH
SHGA250923,9978.78,0.34,FEM
SHGA250923,9979.0,2.16,KCHI
SHGA250923,9981.12,1.4,OCH
SHGA250923,9982.5,2.34,KCHI
SHGA250923,9984.68,1.14,OCH
SHGA250923,9986.14,0.86,FEM
SHGA250923,9986.54,2.34,OCH
SHGA250923,9987.1,0.12,FEM
SHGA250923,9987.54,1.34,KCHI
SHGA250923,9988.98,0.82,FEM
SHGA250923,9989.8,0.54,OCH
SHGA250923,9990.48,1.18,OCH
SHGA250923,9991.28,0.72,FEM
SHGA250923,9992.16,5.6,OCH
SHGA250923,9995.48,0.32,FEM
SHGA250923,9996.18,0.74,FEM
SHGA250923,9997.24,0.48,KCHI
SHGA250923,9998.02,0.44,KCHI
SHGA250923,9998.16,1.38,FEM
SHGA250923,9999.66,0.84,OCH
SHGA250923,10000.66,0.28,OCH
SHGA250923,10001.22,0.52,KCHI
SHGA250923,10002.28,1.26,KCHI
SHGA250923,10004.38,0.1,KCHI
SHGA250923,10004.88,0.3,OCH
SHGA250923,10005.72,0.48,KCHI
SHGA250923,10006.5,0.84,FEM
SHGA250923,10007.32,1.68,KCHI
SHGA250923,10008.94,1.64,FEM
SHGA250923,10013.02,0.32,MAL
SHGA250923,10013.46,0.14,MAL
SHGA250923,10013.68,0.4,OCH
SHGA250923,10015.82,0.54,OCH
SHGA250923,10017.56,0.48,FEM
SHGA250923,10018.08,1.16,KCHI
SHGA250923,10019.28,1.04,FEM
SHGA250923,10021.72,0.38,KCHI
SHGA250923,10023.18,0.76,OCH
SHGA250923,10024.02,0.82,KCHI
SHGA250923,10025.62,1.52,OCH
SHGA250923,10027.06,1.78,KCHI
SHGA250923,10031.02,4.42,KCHI
SHGA250923,10035.56,1.02,MAL
SHGA250923,10036.54,0.88,FEM
SHGA250923,10038.26,1.04,FEM
SHGA250923,10039.6,0.1,KCHI
SHGA250923,10039.84,0.18,KCHI
SHGA250923,10040.62,0.54,KCHI
SHGA250923,10041.28,0.92,KCHI
SHGA250923,10041.54,0.46,FEM
SHGA250923,10043.4,1.58,FEM
SHGA250923,10044.48,1.56,KCHI
SHGA250923,10046.88,0.56,FEM
SHGA250923,10047.5,0.72,MAL
SHGA250923,10049.34,1.66,KCHI
SHGA250923,10049.5,3.18,OCH
SHGA250923,10052.6,1.26,KCHI
SHGA250923,10053.36,0.12,OCH
SHGA250923,10053.48,0.38,FEM
SHGA250923,10054.62,1.58,KCHI
SHGA250923,10057.16,2.04,KCHI
SHGA250923,10059.12,2.28,FEM
SHGA250923,10061.16,0.28,KCHI
SHGA250923,10062.42,0.84,FEM
SHGA250923,10063.12,1.26,KCHI
SHGA250923,10065.0,0.26,MAL
SHGA250923,10065.42,1.44,OCH
SHGA250923,10066.8,1.8,KCHI
SHGA250923,10068.88,0.52,FEM
SHGA250923,10069.18,0.22,OCH
SHGA250923,10069.66,0.84,KCHI
SHGA250923,10070.44,2.9,FEM
SHGA250923,10071.62,1.34,KCHI
SHGA250923,10073.5,3.42,FEM
SHGA250923,10077.9,0.12,OCH
SHGA250923,10078.28,0.12,OCH
SHGA250923,10078.4,1.92,FEM
SHGA250923,10078.92,0.6,KCHI
SHGA250923,10080.3,0.42,KCHI
SHGA250923,10081.14,0.26,FEM
SHGA250923,10081.52,2.04,OCH
SHGA250923,10083.54,0.9,KCHI
SHGA250923,10084.94,0.6,KCHI
SHGA250923,10086.72,2.46,KCHI
SHGA250923,10089.3,0.78,OCH
SHGA250923,10090.12,0.86,KCHI
SHGA250923,10091.5,3.02,KCHI
SHGA250923,10093.28,0.16,FEM
SHGA250923,10094.56,0.8,FEM
SHGA250923,10095.46,0.52,MAL
SHGA250923,10095.98,1.28,FEM
SHGA250923,10096.14,3.08,KCHI
SHGA250923,10098.94,0.74,FEM
SHGA250923,10103.68,0.64,KCHI
SHGA250923,10105.22,0.52,KCHI
SHGA250923,10106.92,1.28,KCHI
SHGA250923,10108.58,0.62,KCHI
SHGA250923,10109.96,1.52,KCHI
SHGA250923,10112.8,1.24,KCHI
SHGA250923,10114.62,2.38,KCHI
SHGA250923,10117.72,0.1,OCH
SHGA250923,10117.82,0.76,FEM
SHGA250923,10118.54,1.46,KCHI
SHGA250923,10120.8,0.34,FEM
SHGA250923,10121.08,2.2,OCH
SHGA250923,10122.66,1.6,KCHI
SHGA250923,10125.12,2.08,KCHI
SHGA250923,10129.34,2.64,KCHI
SHGA250923,10133.52,3.3,OCH
SHGA250923,10133.98,1.18,FEM
SHGA250923,10136.16,0.42,FEM
SHGA250923,10136.76,0.3,FEM
SHGA250923,10137.42,0.28,FEM
SHGA250923,10138.0,0.58,KCHI
SHGA250923,10138.8,0.18,KCHI
SHGA250923,10140.0,2.26,OCH
SHGA250923,10142.9,0.5,KCHI
SHGA250923,10143.46,1.56,OCH
SHGA250923,10145.72,0.28,KCHI
SHGA250923,10149.0,0.94,FEM
SHGA250923,10150.48,0.62,FEM
SHGA250923,10151.06,1.06,KCHI
SHGA250923,10152.8,0.6,FEM
SHGA250923,10156.36,0.44,FEM
SHGA250923,10157.28,0.54,KCHI
SHGA250923,10160.42,1.42,KCHI
SHGA250923,10162.36,0.76,KCHI
SHGA250923,10165.24,0.32,OCH
SHGA250923,10168.48,0.1,KCHI
SHGA250923,10168.9,0.44,KCHI
SHGA250923,10174.9,1.96,KCHI
SHGA250923,10176.86,3.98,OCH
SHGA250923,10179.46,0.22,KCHI
SHGA250923,10181.36,1.92,KCHI
SHGA250923,10185.16,0.82,OCH
SHGA250923,10185.94,0.42,KCHI
SHGA250923,10186.22,0.18,OCH
SHGA250923,10186.52,3.38,OCH
SHGA250923,10189.82,2.1,KCHI
SHGA250923,10192.26,0.92,OCH
SHGA250923,10193.18,1.88,KCHI
SHGA250923,10195.8,0.8,OCH
SHGA250923,10195.84,0.82,KCHI
SHGA250923,10197.36,0.14,OCH
SHGA250923,10197.84,0.16,OCH
SHGA250923,10198.28,0.24,OCH
SHGA250923,10198.92,0.48,OCH
SHGA250923,10200.56,1.42,OCH
SHGA250923,10200.74,0.14,FEM
SHGA250923,10202.0,1.16,KCHI
SHGA250923,10203.12,0.92,OCH
SHGA250923,10203.8,0.28,FEM
SHGA250923,10203.9,1.94,KCHI
SHGA250923,10204.52,2.3,FEM
SHGA250923,10207.32,0.94,KCHI
SHGA250923,10208.18,1.72,FEM
SHGA250923,10210.22,0.72,FEM
SHGA250923,10214.08,0.48,KCHI
SHGA250923,10215.1,0.66,KCHI
SHGA250923,10217.9,1.3,KCHI
SHGA250923,10219.44,1.16,FEM
SHGA250923,10224.62,1.42,KCHI
SHGA250923,10226.86,2.1,KCHI
SHGA250923,10229.72,0.48,OCH
SHGA250923,10232.58,0.38,FEM
SHGA250923,10232.88,1.28,OCH
SHGA250923,10233.92,0.92,FEM
SHGA250923,10235.22,2.3,KCHI
SHGA250923,10237.24,1.46,FEM
SHGA250923,10238.68,1.78,KCHI
SHGA250923,10239.5,1.7,FEM
SHGA250923,10246.74,0.98,FEM
SHGA250923,10248.5,0.3,OCH
SHGA250923,10250.02,0.8,OCH
SHGA250923,10251.02,0.16,OCH
SHGA250923,10251.08,3.04,KCHI
SHGA250923,10258.02,0.72,KCHI
SHGA250923,10259.32,3.28,KCHI
SHGA250923,10263.26,1.52,KCHI
SHGA250923,10263.34,0.1,FEM
SHGA250923,10263.82,0.1,FEM
SHGA250923,10264.26,0.12,FEM
SHGA250923,10264.84,0.96,FEM
SHGA250923,10268.4,2.36,OCH
SHGA250923,10269.74,0.62,KCHI
SHGA250923,10272.38,0.4,KCHI
SHGA250923,10273.08,4.46,KCHI
SHGA250923,10277.14,1.16,FEM
SHGA250923,10278.22,1.28,KCHI
SHGA250923,10285.1,1.56,KCHI
SHGA250923,10286.84,1.46,KCHI
SHGA250923,10288.4,0.66,KCHI
SHGA250923,10292.4,0.78,FEM
SHGA250923,10293.12,1.32,KCHI
SHGA250923,10301.5,1.46,KCHI
SHGA250923,10303.7,1.64,FEM
SHGA250923,10304.9,2.02,KCHI
SHGA250923,10306.52,0.14,OCH
SHGA250923,10307.3,3.44,FEM
SHGA250923,10307.8,2.74,KCHI
SHGA250923,10312.44,3.02,FEM
SHGA250923,10316.16,2.16,OCH
SHGA250923,10318.44,0.7,OCH
SHGA250923,10333.08,0.12,OCH
SHGA250923,10335.76,0.3,FEM
SHGA250923,10336.06,0.56,KCHI
SHGA250923,10336.32,2.12,FEM
SHGA250923,10337.24,1.24,KCHI
SHGA250923,10344.86,0.1,KCHI
SHGA250923,10345.22,0.1,KCHI
SHGA250923,10345.94,0.12,KCHI
SHGA250923,10346.2,1.94,KCHI
SHGA250923,10348.08,0.62,FEM
SHGA250923,10349.02,2.04,FEM
SHGA250923,10350.34,0.98,KCHI
SHGA250923,10351.98,4.74,KCHI
SHGA250923,10356.84,2.3,KCHI
SHGA250923,10360.12,1.62,KCHI
SHGA250923,10361.92,2.0,FEM
SHGA250923,10365.46,0.1,FEM
SHGA250923,10367.2,0.1,FEM
SHGA250923,10367.9,0.34,FEM
SHGA250923,10368.38,0.56,FEM
SHGA250923,10370.36,0.32,OCH
SHGA250923,10370.46,0.8,KCHI
SHGA250923,10370.82,0.78,OCH
SHGA250923,10371.74,0.12,FEM
SHGA250923,10371.88,2.72,KCHI
SHGA250923,10374.7,0.22,KCHI
SHGA250923,10375.12,0.28,KCHI
SHGA250923,10375.54,0.32,KCHI
SHGA250923,10377.66,0.78,FEM
SHGA250923,10378.48,2.24,KCHI
SHGA250923,10380.16,2.1,FEM
SHGA250923,10381.88,1.06,KCHI
SHGA250923,10383.4,0.12,OCH
SHGA250923,10387.8,0.64,FEM
SHGA250923,10388.68,0.22,KCHI
SHGA250923,10391.6,0.18,FEM
SHGA250923,10398.66,3.48,FEM
SHGA250923,10403.72,1.68,FEM
SHGA250923,10407.1,1.72,FEM
SHGA250923,10408.7,0.26,OCH
SHGA250923,10410.2,0.56,OCH
SHGA250923,10411.68,0.96,FEM
SHGA250923,10419.64,0.1,KCHI
SHGA250923,10419.98,0.76,MAL
SHGA250923,10420.74,2.0,FEM
SHGA250923,10422.8,0.36,MAL
SHGA250923,10444.16,1.08,FEM
SHGA250923,10445.48,1.42,FEM
SHGA250923,10523.12,0.7,KCHI
SHGA250923,10539.04,0.8,FEM
SHGA250923,10599.86,2.86,FEM
SHGA250923,10674.36,1.88,KCHI
SHGA250923,10701.4,0.82,FEM
SHGA250923,10717.72,0.42,FEM
SHGA250923,10718.14,2.08,KCHI
SHGA250923,10760.6,1.12,KCHI
SHGA250923,10793.76,1.76,FEM
SHGA250923,10841.52,0.34,KCHI
SHGA250923,10870.06,0.26,KCHI
SHGA250923,10897.24,1.42,FEM
SHGA250923,10900.44,0.78,FEM
SHGA250923,10901.22,1.26,KCHI
SHGA250923,10923.54,0.5,MAL
SHGA250923,10945.0,2.38,FEM
SHGA250923,10950.62,2.58,FEM
SHGA250923,10950.92,0.9,KCHI
SHGA250923,10951.92,0.42,KCHI
SHGA250923,10954.92,0.52,FEM
SHGA250923,10977.06,1.2,MAL
SHGA250923,10979.78,1.04,FEM
SHGA250923,10984.9,0.1,KCHI
SHGA250923,10985.2,0.58,KCHI
SHGA250923,11007.78,5.94,KCHI
SHGA250923,11014.02,1.28,KCHI
SHGA250923,11015.58,3.62,KCHI
SHGA250923,11019.74,0.88,FEM
SHGA250923,11021.64,2.9,KCHI
SHGA250923,11025.24,1.46,KCHI
SHGA250923,11026.62,1.78,FEM
SHGA250923,11028.34,0.9,KCHI
SHGA250923,11030.44,0.92,KCHI
SHGA250923,11031.44,2.44,FEM
SHGA250923,11032.56,1.36,KCHI
SHGA250923,11036.54,1.8,KCHI
SHGA250923,11038.0,2.52,FEM
SHGA250923,11041.9,1.64,FEM
SHGA250923,11042.58,1.92,KCHI
SHGA250923,11043.92,1.36,FEM
SHGA250923,11045.04,1.56,KCHI
SHGA250923,11047.22,0.68,FEM
SHGA250923,11047.94,1.5,KCHI
SHGA250923,11048.86,1.12,FEM
SHGA250923,11050.34,1.32,FEM
SHGA250923,11052.0,0.46,FEM
SHGA250923,11053.94,0.68,KCHI
SHGA250923,11054.4,2.18,FEM
SHGA250923,11056.52,1.42,KCHI
SHGA250923,11057.64,0.78,FEM
SHGA250923,11058.06,0.72,KCHI
SHGA250923,11059.38,0.18,KCHI
SHGA250923,11061.56,0.4,KCHI
SHGA250923,11063.68,0.24,FEM
SHGA250923,11065.96,0.48,MAL
SHGA250923,11067.66,0.86,KCHI
SHGA250923,11068.62,1.6,KCHI
SHGA250923,11070.48,0.52,MAL
SHGA250923,11071.02,1.12,KCHI
SHGA250923,11072.36,0.2,OCH
SHGA250923,11073.2,1.9,KCHI
SHGA250923,11074.46,0.2,OCH
SHGA250923,11074.8,1.54,OCH
SHGA250923,11076.1,1.94,KCHI
SHGA250923,11076.34,0.48,FEM
SHGA250923,11078.38,1.44,KCHI
SHGA250923,11079.86,0.46,FEM
SHGA250923,11080.5,1.86,KCHI
SHGA250923,11082.7,1.6,KCHI
SHGA250923,11084.3,3.54,FEM
SHGA250923,11086.4,0.9,KCHI
SHGA250923,11087.72,3.92,KCHI
SHGA250923,11091.76,0.5,FEM
SHGA250923,11096.24,1.6,KCHI
SHGA250923,11098.26,1.22,FEM
SHGA250923,11098.92,0.56,KCHI
SHGA250923,11104.74,0.82,KCHI
SHGA250923,11106.74,0.42,KCHI
SHGA250923,11108.18,3.68,FEM
SHGA250923,11112.16,2.06,FEM
SHGA250923,11116.14,1.78,FEM
SHGA250923,11119.1,1.62,KCHI
SHGA250923,11121.46,1.04,KCHI
SHGA250923,11121.96,2.14,FEM
SHGA250923,11126.36,2.18,KCHI
SHGA250923,11129.88,1.04,KCHI
SHGA250923,11133.92,1.04,KCHI
SHGA250923,11135.22,0.82,KCHI
SHGA250923,11136.76,0.68,KCHI
SHGA250923,11138.46,1.22,KCHI
SHGA250923,11140.38,2.14,KCHI
SHGA250923,11141.22,3.96,FEM
SHGA250923,11144.52,1.56,KCHI
SHGA250923,11146.96,1.32,KCHI
SHGA250923,11148.3,0.12,MAL
SHGA250923,11148.94,1.0,KCHI
SHGA250923,11150.08,0.22,KCHI
SHGA250923,11150.34,1.32,MAL
SHGA250923,11151.76,0.8,KCHI
SHGA250923,11152.78,1.46,MAL
SHGA250923,11154.68,2.48,FEM
SHGA250923,11158.9,2.7,FEM
SHGA250923,11161.98,0.86,MAL
SHGA250923,11162.62,0.1,KCHI
SHGA250923,11162.84,0.2,FEM
SHGA250923,11163.56,0.58,KCHI
SHGA250923,11164.66,1.54,FEM
SHGA250923,11166.2,1.68,KCHI
SHGA250923,11166.88,1.0,FEM
SHGA250923,11167.88,0.34,MAL
SHGA250923,11168.44,0.82,KCHI
SHGA250923,11170.42,0.62,KCHI
SHGA250923,11171.86,1.64,OCH
SHGA250923,11173.56,1.26,MAL
SHGA250923,11175.5,0.84,FEM
SHGA250923,11177.28,0.7,FEM
SHGA250923,11178.2,1.52,KCHI
SHGA250923,11180.4,1.78,KCHI
SHGA250923,11181.6,2.2,FEM
SHGA250923,11182.4,1.58,KCHI
SHGA250923,11184.26,0.96,MAL
SHGA250923,11185.7,0.56,MAL
SHGA250923,11188.02,1.5,MAL
SHGA250923,11190.08,1.68,FEM
SHGA250923,11191.76,1.42,KCHI
SHGA250923,11193.26,0.36,MAL
SHGA250923,11194.12,1.26,KCHI
SHGA250923,11195.38,1.2,FEM
SHGA250923,11195.74,0.56,KCHI
SHGA250923,11196.48,1.1,KCHI
SHGA250923,11197.42,0.2,FEM
SHGA250923,11199.72,1.36,MAL
SHGA250923,11201.1,1.1,KCHI
SHGA250923,11202.44,1.24,KCHI
SHGA250923,11203.7,0.26,FEM
SHGA250923,11205.0,1.4,KCHI
SHGA250923,11205.78,1.34,FEM
SHGA250923,11206.6,1.62,KCHI
SHGA250923,11208.18,0.82,FEM
SHGA250923,11208.88,1.4,KCHI
SHGA250923,11212.46,1.52,FEM
SHGA250923,11214.9,2.36,KCHI
SHGA250923,11217.82,0.84,KCHI
SHGA250923,11219.0,2.08,FEM
SHGA250923,11219.24,1.18,KCHI
SHGA250923,11220.88,1.02,KCHI
SHGA250923,11222.1,2.3,FEM
SHGA250923,11225.7,0.22,KCHI
SHGA250923,11226.4,0.38,KCHI
SHGA250923,11226.96,2.6,FEM
SHGA250923,11229.46,0.64,KCHI
SHGA250923,11244.16,2.98,FEM
SHGA250923,11247.14,0.34,KCHI
SHGA250923,11247.48,0.5,OCH
SHGA250923,11248.12,0.18,OCH
SHGA250923,11248.76,0.3,OCH
SHGA250923,11249.2,0.22,OCH
SHGA250923,11251.7,0.62,FEM
SHGA250923,11252.88,1.42,FEM
SHGA250923,11255.44,1.42,MAL
SHGA250923,11260.98,1.18,FEM
SHGA250923,11264.18,4.74,FEM
SHGA250923,11265.9,0.1,OCH
SHGA250923,11268.58,2.56,OCH
SHGA250923,11270.58,0.78,FEM
SHGA250923,11272.78,0.4,KCHI
SHGA250923,11275.78,0.54,KCHI
SHGA250923,11276.4,2.06,OCH
SHGA250923,11279.32,2.12,FEM
SHGA250923,11284.38,0.68,FEM
SHGA250923,11291.26,0.92,FEM
SHGA250923,11293.9,0.64,FEM
SHGA250923,11347.62,0.14,MAL
SHGA250923,11399.04,1.26,FEM
SHGA250923,11401.7,1.0,FEM
SHGA250923,11403.26,1.9,MAL
SHGA250923,11430.62,3.2,FEM
SHGA250923,11478.04,0.28,OCH
SHGA250923,11517.56,0.56,OCH
SHGA250923,11534.04,0.8,OCH
SHGA250923,11534.94,0.28,OCH
SHGA250923,11535.64,2.38,OCH
SHGA250923,11610.22,0.78,FEM
SHGA250923,11635.28,1.28,KCHI
SHGA250923,11660.7,0.52,FEM
SHGA250923,11733.04,1.44,FEM
SHGA250923,11748.2,0.12,KCHI
SHGA250923,11748.46,0.5,KCHI
SHGA250923,11768.96,1.1,FEM
SHGA250923,11776.82,0.98,KCHI
SHGA250923,11778.24,0.52,MAL
SHGA250923,11779.48,0.9,MAL
SHGA250923,11804.68,0.1,KCHI
SHGA250923,11804.9,0.12,KCHI
SHGA250923,11806.24,0.38,KCHI
SHGA250923,11856.42,1.62,KCHI
SHGA250923,11856.88,1.04,FEM
SHGA250923,11873.78,0.48,KCHI
SHGA250923,11874.72,0.78,KCHI
SHGA250923,11875.84,1.26,KCHI
SHGA250923,11877.3,0.16,OCH
SHGA250923,11877.72,2.58,OCH
SHGA250923,11881.14,1.08,KCHI
SHGA250923,11882.46,1.26,FEM
SHGA250923,11884.28,1.0,KCHI
SHGA250923,11885.52,2.74,OCH
SHGA250923,11886.54,2.76,MAL
SHGA250923,11888.94,1.02,OCH
SHGA250923,11890.72,1.52,KCHI
SHGA250923,11892.68,1.96,KCHI
SHGA250923,11916.12,0.28,OCH
SHGA250923,11916.84,1.52,KCHI
SHGA250923,11918.38,0.74,MAL
SHGA250923,11920.1,1.18,OCH
SHGA250923,11921.6,3.32,FEM
SHGA250923,11940.0,2.24,OCH
SHGA250923,11942.66,1.22,FEM
SHGA250923,11943.98,3.06,FEM
SHGA250923,11947.02,0.32,MAL
SHGA250923,11947.36,0.6,FEM
SHGA250923,11947.96,3.08,MAL
SHGA250923,11951.2,0.58,OCH
SHGA250923,11956.2,2.08,FEM
SHGA250923,11965.68,1.8,MAL
SHGA250923,11968.72,0.36,FEM
SHGA250923,11980.2,0.46,FEM
SHGA250923,11995.72,0.46,FEM
SHGA250923,11999.1,0.6,FEM
SHGA250923,12018.02,1.0,KCHI
SHGA250923,12018.52,0.14,FEM
SHGA250923,12019.6,3.18,OCH
SHGA250923,12020.28,0.54,FEM
SHGA250923,12021.9,2.34,FEM
SHGA250923,12022.9,0.68,OCH
SHGA250923,12025.74,1.66,FEM
SHGA250923,12039.98,1.36,FEM
SHGA250923,12041.22,0.18,KCHI
SHGA250923,12042.2,1.28,FEM
SHGA250923,12046.56,1.18,KCHI
SHGA250923,12050.76,0.52,FEM
SHGA250923,12057.72,1.54,FEM
SHGA250923,12059.46,0.96,FEM
SHGA250923,12065.02,2.02,FEM
SHGA250923,12072.56,2.24,FEM
SHGA250923,12076.64,0.54,KCHI
SHGA250923,12083.28,1.22,FEM
SHGA250923,12084.66,1.32,KCHI
SHGA250923,12092.44,0.36,OCH
SHGA250923,12093.18,1.36,OCH
SHGA250923,12116.52,1.52,FEM
SHGA250923,12119.14,2.54,OCH
SHGA250923,12123.08,0.14,KCHI
SHGA250923,12131.04,2.7,OCH
SHGA250923,12133.48,1.36,KCHI
SHGA250923,12135.6,0.64,MAL
SHGA250923,12142.3,1.9,KCHI
SHGA250923,12142.98,3.98,FEM
SHGA250923,12146.96,0.14,OCH
SHGA250923,12146.96,2.0,KCHI
SHGA250923,12149.12,0.56,MAL
SHGA250923,12150.0,0.8,MAL
SHGA250923,12150.72,0.22,OCH
SHGA250923,12150.82,1.3,KCHI
SHGA250923,12154.44,0.26,OCH
SHGA250923,12154.92,1.42,KCHI
SHGA250923,12157.4,1.24,KCHI
SHGA250923,12158.9,0.12,OCH
SHGA250923,12158.9,1.22,FEM
SHGA250923,12159.5,1.52,KCHI
SHGA250923,12161.26,1.2,FEM
SHGA250923,12162.08,1.54,KCHI
SHGA250923,12163.6,0.12,OCH
SHGA250923,12163.7,2.16,FEM
SHGA250923,12164.52,1.46,KCHI
SHGA250923,12165.56,1.3,OCH
SHGA250923,12166.86,2.26,KCHI
SHGA250923,12169.84,0.18,FEM
SHGA250923,12171.74,1.56,FEM
SHGA250923,12173.66,0.5,OCH
SHGA250923,12174.08,1.22,FEM
SHGA250923,12174.64,0.24,OCH
SHGA250923,12175.04,0.8,OCH
SHGA250923,12175.82,2.42,FEM
SHGA250923,12178.62,0.18,OCH
SHGA250923,12178.8,1.12,FEM
SHGA250923,12181.56,1.22,FEM
SHGA250923,12185.24,1.36,FEM
SHGA250923,12190.74,2.32,KCHI
SHGA250923,12198.7,0.24,KCHI
SHGA250923,12211.84,0.34,MAL
SHGA250923,12214.28,0.34,MAL
SHGA250923,12224.14,0.76,KCHI
SHGA250923,12234.52,0.66,KCHI
SHGA250923,12247.18,0.5,FEM
SHGA250923,12247.92,0.16,FEM
SHGA250923,12249.28,0.68,MAL
SHGA250923,12250.44,1.56,FEM
SHGA250923,12258.4,2.42,KCHI
SHGA250923,12261.04,1.34,KCHI
SHGA250923,12266.36,0.5,KCHI
SHGA250923,12318.1,3.98,KCHI
SHGA250923,12331.14,1.16,FEM
SHGA250923,12333.7,0.64,FEM
SHGA250923,12380.06,0.2,FEM
SHGA250923,12380.62,0.36,FEM
SHGA250923,12384.28,1.48,KCHI
SHGA250923,12469.34,5.74,KCHI
SHGA250923,12477.48,0.16,KCHI
SHGA250923,12477.74,0.12,KCHI
SHGA250923,12477.98,0.14,KCHI
SHGA250923,12478.82,1.52,KCHI
SHGA250923,12480.84,1.68,KCHI
SHGA250923,12484.6,2.0,KCHI
SHGA250923,12487.46,3.1,FEM
SHGA250923,12487.86,0.46,KCHI
SHGA250923,12489.8,2.18,KCHI
SHGA250923,12491.4,1.08,FEM
SHGA250923,12492.52,1.34,KCHI
SHGA250923,12494.16,3.04,FEM
SHGA250923,12498.02,0.98,KCHI
SHGA250923,12499.2,0.62,FEM
SHGA250923,12500.06,1.12,FEM
SHGA250923,12502.42,1.66,FEM
SHGA250923,12503.84,1.32,KCHI
SHGA250923,12519.12,0.16,FEM
SHGA250923,12520.28,1.36,FEM
SHGA250923,12522.1,1.3,OCH
SHGA250923,12524.38,5.02,FEM
SHGA250923,12530.22,1.2,OCH
SHGA250923,12531.4,2.36,FEM
SHGA250923,12537.38,1.22,MAL
SHGA250923,12541.56,2.66,FEM
SHGA250923,12562.86,1.92,FEM
SHGA250923,12566.52,1.72,FEM
SHGA250923,12579.7,3.88,FEM
SHGA250923,12606.58,1.58,FEM
SHGA250923,12608.64,1.62,FEM
SHGA250923,12610.84,1.28,FEM
SHGA250923,12614.08,0.24,MAL
SHGA250923,12614.84,0.42,MAL
SHGA250923,12615.58,2.14,FEM
SHGA250923,12617.24,1.14,MAL
SHGA250923,12618.7,2.18,FEM
SHGA250923,12621.3,3.26,FEM
SHGA250923,12624.56,0.5,MAL
SHGA250923,12625.82,0.68,FEM
SHGA250923,12626.72,1.72,MAL
SHGA250923,12628.06,4.22,FEM
SHGA250923,12632.52,3.36,FEM
SHGA250923,12636.58,2.12,FEM
SHGA250923,12638.66,0.52,KCHI
SHGA250923,12640.86,4.38,FEM
SHGA250923,12645.38,1.36,FEM
SHGA250923,12647.58,1.8,FEM
SHGA250923,12653.9,2.84,FEM
SHGA250923,12658.12,0.88,FEM
SHGA250923,12660.38,3.72,OCH
SHGA250923,12665.42,0.96,FEM
SHGA250923,12667.44,2.36,FEM
SHGA250923,12672.32,0.88,FEM
SHGA250923,12679.08,0.32,OCH
SHGA250923,12679.44,0.84,KCHI
SHGA250923,12680.28,2.26,FEM
SHGA250923,12682.78,1.32,KCHI
SHGA250923,12684.26,0.98,FEM
SHGA250923,12687.78,0.46,KCHI
SHGA250923,12689.74,1.5,FEM
SHGA250923,12692.28,1.7,FEM
SHGA250923,12694.34,0.94,KCHI
SHGA250923,12694.46,1.74,FEM
SHGA250923,12696.0,0.22,KCHI
SHGA250923,12697.58,1.34,KCHI
SHGA250923,12698.9,1.16,FEM
SHGA250923,12699.6,1.46,KCHI
SHGA250923,12701.2,0.9,MAL
SHGA250923,12702.16,1.02,KCHI
SHGA250923,12703.34,0.82,MAL
SHGA250923,12704.16,0.66,FEM
SHGA250923,12705.42,0.5,OCH
SHGA250923,12706.54,0.76,FEM
SHGA250923,12708.14,0.9,KCHI
SHGA250923,12709.48,1.1,FEM
SHGA250923,12712.78,1.66,FEM
SHGA250923,12713.34,1.0,KCHI
SHGA250923,12714.82,0.74,KCHI
SHGA250923,12717.08,1.4,FEM
SHGA250923,12719.42,1.26,MAL
SHGA250923,12721.34,2.72,FEM
SHGA250923,12725.26,2.52,MAL
SHGA250923,12728.04,2.22,FEM
SHGA250923,12733.26,0.68,KCHI
SHGA250923,12734.06,0.88,MAL
SHGA250923,12735.4,2.28,FEM
SHGA250923,12742.42,1.4,MAL
SHGA250923,12756.18,0.3,FEM
SHGA250923,12759.88,2.46,KCHI
SHGA250923,12763.86,3.98,FEM
SHGA250923,12781.38,0.38,KCHI
SHGA250923,12843.44,1.98,FEM
SHGA250923,12875.3,1.4,FEM
SHGA250923,12893.74,0.1,KCHI
SHGA250923,12919.58,0.7,FEM
SHGA250923,12952.2,0.1,FEM
SHGA250923,12954.12,1.0,FEM
SHGA250923,12958.88,1.5,FEM
SHGA250923,12960.52,0.54,KCHI
SHGA250923,12968.88,0.18,FEM
SHGA250923,12969.2,1.62,FEM
SHGA250923,12970.94,1.32,FEM
SHGA250923,13028.0,1.16,KCHI
SHGA250923,13034.5,1.1,FEM
SHGA250923,13035.72,2.96,FEM
SHGA250923,13053.68,0.72,FEM
SHGA250923,13058.38,1.3,FEM
SHGA250923,13061.02,0.5,FEM
SHGA250923,13062.36,1.08,FEM
SHGA250923,13065.68,0.66,KCHI
SHGA250923,13066.34,0.44,FEM
SHGA250923,13073.04,0.38,FEM
SHGA250923,13073.86,0.46,FEM
SHGA250923,13074.44,0.26,FEM
SHGA250923,13075.8,2.48,FEM
SHGA250923,13079.98,0.56,KCHI
SHGA250923,13082.82,0.42,FEM
SHGA250923,13084.72,0.16,FEM
SHGA250923,13086.58,1.92,FEM
SHGA250923,13089.32,1.74,FEM
SHGA250923,13090.26,0.44,KCHI
SHGA250923,13115.34,1.6,KCHI
SHGA250923,13133.08,0.68,FEM
SHGA250923,13169.5,0.8,FEM
SHGA250923,13195.72,0.6,FEM
SHGA250923,13201.66,0.22,FEM
SHGA250923,13205.32,0.32,FEM
SHGA250923,13207.8,1.82,KCHI
SHGA250923,13229.52,0.66,OCH
SHGA250923,13231.56,2.82,MAL
SHGA250923,13241.46,0.68,KCHI
SHGA250923,13245.44,0.16,FEM
SHGA250923,13246.88,3.48,FEM
SHGA250923,13274.42,0.94,FEM
SHGA250923,13277.12,0.16,FEM
SHGA250923,13281.26,2.1,MAL
SHGA250923,13289.82,1.28,KCHI
SHGA250923,13290.92,0.82,FEM
SHGA250923,13294.18,3.0,FEM
SHGA250923,13297.5,0.22,FEM
SHGA250923,13302.06,0.12,FEM
SHGA250923,13303.34,0.98,FEM
SHGA250923,13305.16,0.86,KCHI
SHGA250923,13309.0,0.12,KCHI
SHGA250923,13310.62,1.06,FEM
SHGA250923,13313.02,2.04,FEM
SHGA250923,13327.42,0.32,KCHI
SHGA250923,13329.02,0.58,FEM
SHGA250923,13329.98,1.18,KCHI
SHGA250923,13331.3,1.7,FEM
SHGA250923,13334.36,0.86,MAL
SHGA250923,13336.56,0.16,MAL
SHGA250923,13336.98,0.92,FEM
SHGA250923,13340.46,0.5,FEM
SHGA250923,13340.96,0.32,KCHI
SHGA250923,13342.84,0.72,KCHI
SHGA250923,13343.8,1.04,KCHI
SHGA250923,13345.5,0.14,FEM
SHGA250923,13346.5,0.9,OCH
SHGA250923,13347.82,1.1,FEM
SHGA250923,13350.08,0.3,FEM
SHGA250923,13351.66,0.16,OCH
SHGA250923,13359.32,0.3,FEM
SHGA250923,13365.7,0.64,KCHI
SHGA250923,13367.1,0.92,KCHI
SHGA250923,13369.22,0.66,KCHI
SHGA250923,13386.66,0.98,FEM
SHGA250923,13389.92,1.88,FEM
SHGA250923,13392.48,0.22,KCHI
SHGA250923,13394.66,2.02,FEM
SHGA250923,13398.34,0.74,KCHI
SHGA250923,13404.64,0.44,FEM
SHGA250923,13407.22,0.28,FEM
SHGA250923,13407.6,1.02,KCHI
SHGA250923,13407.96,0.66,FEM
SHGA250923,13410.42,1.0,FEM
SHGA250923,13412.78,7.22,FEM
SHGA250923,13422.8,1.74,FEM
SHGA250923,13424.54,1.46,KCHI
SHGA250923,13427.2,0.64,KCHI
SHGA250923,13427.9,2.2,FEM
SHGA250923,13428.84,1.26,KCHI
SHGA250923,13431.48,1.02,FEM
SHGA250923,13432.5,0.3,KCHI
SHGA250923,13436.68,0.74,KCHI
SHGA250923,13456.38,0.14,KCHI
SHGA250923,13456.38,0.4,FEM
SHGA250923,13459.62,0.74,KCHI
SHGA250923,13460.4,0.66,FEM
SHGA250923,13461.34,2.42,FEM
SHGA250923,13464.5,0.64,KCHI
SHGA250923,13467.98,0.34,KCHI
SHGA250923,13469.7,0.3,FEM
SHGA250923,13472.3,1.2,KCHI
SHGA250923,13472.4,0.36,FEM
SHGA250923,13476.0,0.28,KCHI
SHGA250923,13476.6,0.9,FEM
SHGA250923,13477.9,0.52,KCHI
SHGA250923,13478.52,0.24,KCHI
SHGA250923,13481.34,0.18,KCHI
SHGA250923,13486.76,1.46,OCH
SHGA250923,13493.68,1.02,FEM
SHGA250923,13496.18,1.04,FEM
SHGA250923,13498.66,1.24,FEM
SHGA250923,13500.32,1.1,FEM
SHGA250923,13501.08,0.14,OCH
SHGA250923,13501.86,0.58,FEM
SHGA250923,13503.54,0.6,OCH
SHGA250923,13503.84,1.5,FEM
SHGA250923,13505.44,1.3,KCHI
SHGA250923,13505.66,0.98,OCH
SHGA250923,13506.96,1.98,FEM
SHGA250923,13508.38,1.6,KCHI
SHGA250923,13513.62,1.48,KCHI
SHGA250923,13519.22,0.48,KCHI
SHGA250923,13520.06,1.84,KCHI
SHGA250923,13523.42,1.06,KCHI
SHGA250923,13528.42,1.24,KCHI
SHGA250923,13531.42,0.58,KCHI
SHGA250923,13532.0,3.48,FEM
SHGA250923,13541.94,1.02,KCHI
SHGA250923,13543.46,0.62,KCHI
SHGA250923,13545.2,0.18,KCHI
SHGA250923,13548.24,2.02,KCHI
SHGA250923,13554.54,1.34,OCH
SHGA250923,13568.8,0.38,FEM
SHGA250923,13593.06,0.66,KCHI
SHGA250923,13600.88,0.14,MAL
SHGA250923,13601.6,0.4,FEM
SHGA250923,13602.36,1.28,FEM
SHGA250923,13603.64,0.52,KCHI
SHGA250923,13605.46,1.04,KCHI
SHGA250923,13610.02,5.36,FEM
SHGA250923,13615.58,5.98,FEM
SHGA250923,13621.9,1.0,FEM
SHGA250923,13626.82,0.7,FEM
SHGA250923,13627.52,2.14,OCH
SHGA250923,13636.72,0.1,OCH
SHGA250923,13638.16,0.58,OCH
SHGA250923,13643.44,0.28,KCHI
SHGA250923,13657.72,1.64,FEM
SHGA250923,13673.2,0.38,KCHI
SHGA250923,13673.68,0.16,KCHI
SHGA250923,13674.32,0.26,FEM
SHGA250923,13680.08,0.42,KCHI
SHGA250923,13682.4,0.84,FEM
SHGA250923,13683.48,0.26,FEM
SHGA250923,13685.06,0.22,FEM
SHGA250923,13687.22,0.56,FEM
SHGA250923,13690.52,0.68,FEM
SHGA250923,13694.78,0.4,FEM
SHGA250923,13703.14,3.98,KCHI
SHGA250923,13708.16,0.86,KCHI
SHGA250923,13711.1,0.28,KCHI
SHGA250923,13738.72,0.24,KCHI
SHGA250923,13741.1,1.14,KCHI
SHGA250923,13756.82,0.38,MAL
SHGA250923,13761.7,0.78,MAL
SHGA250923,13763.26,1.56,FEM
SHGA250923,13766.88,2.8,OCH
SHGA250923,13789.62,0.52,FEM
SHGA250923,13790.42,0.28,KCHI
SHGA250923,13826.52,0.74,FEM
SHGA250923,13827.8,1.06,KCHI
SHGA250923,13834.78,0.78,MAL
SHGA250923,13835.76,0.88,MAL
SHGA250923,13837.5,0.6,MAL
SHGA250923,13838.14,0.8,KCHI
SHGA250923,13839.54,0.28,FEM
SHGA250923,13842.44,0.38,KCHI
SHGA250923,13842.94,1.3,MAL
SHGA250923,13844.72,0.9,MAL
SHGA250923,13846.42,0.32,FEM
SHGA250923,13848.5,0.46,FEM
SHGA250923,13850.4,0.58,KCHI
SHGA250923,13860.52,0.7,KCHI
SHGA250923,13861.38,0.88,FEM
SHGA250923,13862.34,0.56,KCHI
SHGA250923,13863.34,0.9,FEM
SHGA250923,13865.96,0.36,KCHI
SHGA250923,13872.9,1.3,FEM
SHGA250923,13878.92,0.62,FEM
SHGA250923,13882.34,0.88,KCHI
SHGA250923,13887.62,1.06,KCHI
SHGA250923,13890.74,1.34,FEM
SHGA250923,13898.16,0.44,KCHI
SHGA250923,13899.14,0.4,FEM
SHGA250923,13906.12,0.3,KCHI
SHGA250923,13920.6,0.32,KCHI
SHGA250923,13924.58,0.52,FEM
SHGA250923,13925.46,0.4,FEM
SHGA250923,13926.02,1.4,FEM
SHGA250923,13933.74,0.24,FEM
SHGA250923,13936.06,1.32,FEM
SHGA250923,13937.78,0.18,FEM
SHGA250923,13937.96,0.54,KCHI
SHGA250923,13949.62,0.72,KCHI
SHGA250923,13950.94,0.96,MAL
SHGA250923,13953.88,2.22,KCHI
SHGA250923,13956.66,1.0,KCHI
SHGA250923,13965.92,1.56,KCHI
SHGA250923,13980.26,1.48,MAL
SHGA250923,13987.92,1.78,KCHI
SHGA250923,14003.44,2.18,FEM
SHGA250923,14008.12,1.48,FEM
SHGA250923,14019.96,0.46,FEM
SHGA250923,14021.54,0.3,FEM
SHGA250923,14024.94,0.58,FEM
SHGA250923,14037.46,2.24,KCHI
SHGA250923,14042.12,0.96,KCHI
SHGA250923,14043.98,1.44,KCHI
SHGA250923,14045.8,1.42,KCHI
SHGA250923,14048.62,0.78,KCHI
SHGA250923,14052.72,0.66,KCHI
SHGA250923,14057.06,0.3,KCHI
SHGA250923,14074.98,0.78,KCHI
SHGA250923,14076.2,1.06,FEM
SHGA250923,14084.5,0.72,KCHI
SHGA250923,14086.3,1.18,KCHI
SHGA250923,14092.64,0.54,KCHI
SHGA250923,14093.18,0.72,MAL
SHGA250923,14094.24,4.52,KCHI
SHGA250923,14102.2,2.82,KCHI
SHGA250923,14104.12,1.0,FEM
SHGA250923,14105.12,1.06,KCHI
SHGA250923,14113.08,0.26,KCHI
SHGA250923,14125.54,1.34,FEM
SHGA250923,14137.44,0.92,MAL
SHGA250923,14145.28,1.56,KCHI
SHGA250923,14148.16,2.26,KCHI
SHGA250923,14154.78,0.96,KCHI
SHGA250923,14170.92,0.1,FEM
SHGA250923,14184.42,0.3,FEM
SHGA250923,14192.68,0.62,FEM
SHGA250923,14195.78,0.88,FEM
SHGA250923,14198.36,0.1,KCHI
SHGA250923,14202.92,1.32,FEM
SHGA250923,14204.54,0.78,KCHI
SHGA250923,14205.62,0.2,FEM
SHGA250923,14210.34,0.82,KCHI
SHGA250923,14225.8,0.6,FEM
SHGA250923,14233.38,0.52,FEM
SHGA250923,14235.54,0.92,FEM
SHGA250923,14238.0,1.02,FEM
SHGA250923,14242.18,0.16,FEM
SHGA250923,14244.42,1.3,KCHI
SHGA250923,14252.12,1.3,FEM
SHGA250923,14254.74,0.44,FEM
SHGA250923,14255.3,1.06,FEM
SHGA250923,14263.86,0.3,KCHI
SHGA250923,14271.04,1.24,FEM
SHGA250923,14272.28,0.7,KCHI
SHGA250923,14275.92,0.34,FEM
SHGA250923,14279.66,0.58,FEM
SHGA250923,14292.22,0.56,FEM
SHGA250923,14293.8,2.36,FEM
SHGA250923,14296.9,0.88,MAL
SHGA250923,14300.14,1.34,FEM
SHGA250923,14303.98,0.14,FEM
SHGA250923,14313.6,0.56,KCHI
SHGA250923,14318.72,0.74,KCHI
SHGA250923,14320.04,3.98,FEM
SHGA250923,14320.4,2.1,KCHI
SHGA250923,14331.66,1.56,KCHI
SHGA250923,14343.92,1.18,FEM
SHGA250923,14353.94,1.52,KCHI
SHGA250923,14355.94,0.1,KCHI
SHGA250923,14356.5,1.08,FEM
SHGA250923,14357.62,1.18,KCHI
SHGA250923,14358.82,1.02,MAL
SHGA250923,14360.24,0.8,KCHI
SHGA250923,14364.18,0.76,KCHI
SHGA250923,14371.14,1.12,KCHI
SHGA250923,14374.14,0.7,KCHI
SHGA250923,14375.76,2.96,FEM
SHGA250923,14379.44,0.3,KCHI
SHGA250923,14379.74,0.82,FEM
SHGA250923,14380.64,1.36,KCHI
SHGA250923,14382.12,0.5,FEM
SHGA250923,14386.24,0.74,KCHI
SHGA250923,14387.7,0.1,KCHI
SHGA250923,14395.68,0.78,FEM
SHGA250923,14399.9,0.4,FEM
SHGA250923,14411.24,0.58,KCHI
SHGA250923,14413.72,0.9,KCHI
SHGA250923,14415.68,1.54,KCHI
SHGA250923,14419.54,0.5,FEM
SHGA250923,14420.94,0.66,KCHI
SHGA250923,14422.24,1.28,FEM
SHGA250923,14423.52,3.0,KCHI
SHGA250923,14429.88,0.6,FEM
SHGA250923,14436.78,1.16,FEM
SHGA250923,14438.3,1.14,FEM
SHGA250923,14464.94,1.34,FEM
SHGA250923,14479.24,0.76,KCHI
SHGA250923,14491.42,0.94,FEM
SHGA250923,14497.66,0.44,KCHI
SHGA250923,14513.92,1.14,MAL
SHGA250923,14515.14,2.7,KCHI
SHGA250923,14523.02,1.84,KCHI
SHGA250923,14533.0,1.06,FEM
SHGA250923,14550.66,0.22,KCHI
SHGA250923,14552.68,0.54,KCHI
SHGA250923,14562.82,0.68,KCHI
SHGA250923,14570.04,0.74,KCHI
SHGA250923,14570.78,1.62,FEM
SHGA250923,14573.58,1.0,FEM
SHGA250923,14578.74,0.62,FEM
SHGA250923,14582.0,0.34,FEM
SHGA250923,14588.96,0.84,KCHI
SHGA250923,14612.68,1.88,KCHI
SHGA250923,14621.34,1.18,KCHI
SHGA250923,14635.48,0.42,KCHI
SHGA250923,14647.58,1.62,KCHI
SHGA250923,14654.36,0.78,FEM
SHGA250923,14670.28,0.86,FEM
SHGA250923,14671.64,1.26,FEM
SHGA250923,14673.58,0.68,FEM
SHGA250923,14679.1,1.28,KCHI
SHGA250923,14684.84,0.98,FEM
SHGA250923,14711.12,0.82,KCHI
SHGA250923,14749.88,1.32,KCHI
SHGA250923,14751.84,1.66,KCHI
SHGA250923,14752.92,0.94,FEM
SHGA250923,14760.58,1.12,KCHI
SHGA250923,14763.64,1.1,KCHI
SHGA250923,14768.52,1.08,KCHI
SHGA250923,14769.58,0.2,FEM
SHGA250923,14774.16,0.48,FEM
SHGA250923,14775.98,0.56,FEM
SHGA250923,14777.74,0.3,KCHI
SHGA250923,14779.78,0.18,KCHI
SHGA250923,14781.04,0.32,FEM
SHGA250923,14782.48,1.56,OCH
SHGA250923,14784.62,1.08,OCH
SHGA250923,14785.7,0.56,KCHI
SHGA250923,14790.0,0.76,FEM
SHGA250923,14792.16,0.32,FEM
SHGA250923,14793.54,0.12,KCHI
SHGA250923,14795.94,1.18,MAL
SHGA250923,14802.24,1.08,FEM
SHGA250923,14809.58,0.38,FEM
SHGA250923,14813.32,0.14,FEM
SHGA250923,14814.14,0.74,FEM
SHGA250923,14817.74,0.54,FEM
SHGA250923,14826.4,0.4,FEM
SHGA250923,14834.42,0.5,FEM
SHGA250923,14837.6,0.7,MAL
SHGA250923,14841.42,0.22,KCHI
SHGA250923,14844.44,0.12,KCHI
SHGA250923,14844.68,0.72,KCHI
SHGA250923,14850.46,0.8,KCHI
SHGA250923,14853.36,0.5,MAL
SHGA250923,14853.98,0.16,MAL
SHGA250923,14856.6,0.14,FEM
SHGA250923,14859.34,1.98,FEM
SHGA250923,14864.42,0.88,FEM
SHGA250923,14865.3,0.3,KCHI
SHGA250923,14865.72,0.2,KCHI
SHGA250923,14867.1,0.42,KCHI
SHGA250923,14869.28,1.08,KCHI
SHGA250923,14895.14,1.88,KCHI
SHGA250923,14897.14,0.8,MAL
SHGA250923,14906.64,1.42,KCHI
SHGA250923,14917.04,2.12,FEM
SHGA250923,14919.74,0.32,FEM
SHGA250923,14925.0,0.42,FEM
SHGA250923,14932.4,0.52,KCHI
SHGA250923,14940.92,0.14,FEM
SHGA250923,14945.02,0.92,FEM
SHGA250923,14946.88,1.16,FEM
SHGA250923,14959.6,1.16,FEM
SHGA250923,14967.4,0.78,KCHI
SHGA250923,14979.6,1.12,FEM
SHGA250923,14991.52,0.14,FEM
SHGA250923,14996.64,3.26,FEM
SHGA250923,15002.64,1.24,KCHI
SHGA250923,15004.16,0.44,KCHI
SHGA250923,15005.32,0.2,MAL
SHGA250923,15008.66,0.42,MAL
SHGA250923,15014.18,2.26,FEM
SHGA250923,15014.54,1.3,KCHI
SHGA250923,15017.52,1.18,KCHI
SHGA250923,15032.46,0.5,KCHI
SHGA250923,15043.54,0.86,KCHI
SHGA250923,15047.6,0.78,FEM
SHGA250923,15051.88,0.48,MAL
SHGA250923,15054.44,0.24,KCHI
SHGA250923,15055.72,0.14,MAL
SHGA250923,15060.32,1.02,KCHI
SHGA250923,15061.96,1.54,MAL
SHGA250923,15065.42,0.98,FEM
SHGA250923,15067.98,0.3,KCHI
SHGA250923,15076.32,0.58,KCHI
SHGA250923,15084.22,0.46,FEM
SHGA250923,15085.98,0.56,KCHI
SHGA250923,15088.92,0.68,OCH
SHGA250923,15091.28,0.46,FEM
SHGA250923,15092.16,0.18,KCHI
SHGA250923,15093.26,0.64,KCHI
SHGA250923,15097.34,0.1,KCHI
SHGA250923,15104.1,2.74,FEM
SHGA250923,15107.0,1.08,FEM
SHGA250923,15112.74,1.44,FEM
SHGA250923,15114.52,0.98,FEM
SHGA250923,15116.04,1.7,FEM
SHGA250923,15122.34,0.8,FEM
SHGA250923,15133.62,1.78,OCH
SHGA250923,15135.94,2.96,KCHI
SHGA250923,15139.54,0.38,KCHI
SHGA250923,15139.92,0.44,OCH
SHGA250923,15141.2,0.7,FEM
SHGA250923,15142.5,0.76,FEM
SHGA250923,15144.92,1.46,FEM
SHGA250923,15146.82,0.62,FEM
SHGA250923,15148.16,0.9,OCH
SHGA250923,15149.24,2.1,FEM
SHGA250923,15152.64,1.68,FEM
SHGA250923,15154.54,1.16,FEM
SHGA250923,15155.84,0.38,KCHI
SHGA250923,15156.56,2.34,FEM
SHGA250923,15159.42,3.0,FEM
SHGA250923,15163.2,0.6,KCHI
SHGA250923,15163.8,2.3,FEM
SHGA250923,15165.42,1.16,KCHI
SHGA250923,15166.62,0.54,MAL
SHGA250923,15167.36,5.82,FEM
SHGA250923,15168.64,2.04,OCH
SHGA250923,15173.4,2.34,FEM
SHGA250923,15176.08,1.1,FEM
SHGA250923,15177.86,7.78,FEM
SHGA250923,15178.86,0.86,MAL
SHGA250923,15183.98,1.5,KCHI
SHGA250923,15188.48,2.1,FEM
SHGA250923,15190.94,0.5,FEM
SHGA250923,15192.92,0.72,MAL
SHGA250923,15193.74,1.16,FEM
SHGA250923,15196.12,2.0,FEM
SHGA250923,15198.32,1.08,KCHI
SHGA250923,15199.22,1.16,FEM
SHGA250923,15200.3,1.0,KCHI
SHGA250923,15200.86,0.12,OCH
SHGA250923,15201.12,0.7,FEM
SHGA250923,15201.3,0.96,OCH
SHGA250923,15204.46,0.44,KCHI
SHGA250923,15204.66,1.16,FEM
SHGA250923,15205.62,0.52,OCH
SHGA250923,15205.94,0.66,FEM
SHGA250923,15206.9,2.92,FEM
SHGA250923,15209.42,1.32,KCHI
SHGA250923,15210.82,0.24,FEM
SHGA250923,15211.04,0.48,KCHI
SHGA250923,15211.8,0.42,KCHI
SHGA250923,15212.7,0.46,KCHI
SHGA250923,15212.96,1.08,MAL
SHGA250923,15215.18,1.34,FEM
SHGA250923,15217.5,1.26,FEM
SHGA250923,15219.32,0.2,FEM
SHGA250923,15220.28,0.18,OCH
SHGA250923,15220.58,0.58,OCH
SHGA250923,15221.32,0.72,KCHI
SHGA250923,15222.7,1.46,FEM
SHGA250923,15224.66,1.14,KCHI
SHGA250923,15225.28,2.2,FEM
SHGA250923,15226.48,3.14,KCHI
SHGA250923,15229.62,1.46,FEM
SHGA250923,15231.6,0.7,KCHI
SHGA250923,15232.14,0.4,FEM
SHGA250923,15232.5,0.42,KCHI
SHGA250923,15233.34,0.52,MAL
SHGA250923,15235.44,3.52,FEM
SHGA250923,15238.88,0.68,KCHI
SHGA250923,15239.42,1.2,FEM
SHGA250923,15241.1,1.18,KCHI
SHGA250923,15242.1,1.12,FEM
SHGA250923,15243.4,0.32,KCHI
SHGA250923,15244.16,0.76,KCHI
SHGA250923,15245.22,4.1,FEM
SHGA250923,15249.62,2.4,FEM
SHGA250923,15250.46,0.66,KCHI
SHGA250923,15251.88,1.52,KCHI
SHGA250923,15252.36,0.38,FEM
SHGA250923,15253.14,0.8,FEM
SHGA250923,15254.22,1.28,FEM
SHGA250923,15256.78,1.36,FEM
SHGA250923,15259.98,9.04,FEM
SHGA250923,15269.1,0.26,MAL
SHGA250923,15269.62,0.28,KCHI
SHGA250923,15270.06,2.1,FEM
SHGA250923,15272.76,0.94,FEM
SHGA250923,15274.06,0.96,FEM
SHGA250923,15275.24,4.56,FEM
SHGA250923,15279.38,1.34,KCHI
SHGA250923,15280.46,2.72,FEM
SHGA250923,15283.94,2.8,FEM
SHGA250923,15286.48,0.7,KCHI
SHGA250923,15287.18,0.2,FEM
SHGA250923,15288.76,1.08,FEM
SHGA250923,15290.96,2.06,FEM
SHGA250923,15293.72,2.04,FEM
SHGA250923,15296.48,2.6,FEM
SHGA250923,15309.94,0.84,FEM
SHGA250923,15311.06,3.98,FEM
SHGA250923,15315.3,2.68,FEM
SHGA250923,15319.1,1.82,FEM
SHGA250923,15321.44,0.44,KCHI
SHGA250923,15321.76,3.06,FEM
SHGA250923,15324.62,1.24,KCHI
SHGA250923,15325.62,5.34,FEM
SHGA250923,15332.44,0.12,FEM
SHGA250923,15333.44,6.12,FEM
SHGA250923,15334.04,0.18,KCHI
SHGA250923,15338.92,0.28,OCH
SHGA250923,15339.5,1.1,OCH
SHGA250923,15340.6,1.08,FEM
SHGA250923,15340.7,0.88,MAL
SHGA250923,15341.62,1.3,KCHI
SHGA250923,15342.5,0.4,MAL
SHGA250923,15342.9,2.16,FEM
SHGA250923,15344.82,0.1,KCHI
SHGA250923,15345.82,0.94,KCHI
SHGA250923,15347.66,2.2,FEM
SHGA250923,15348.88,1.38,KCHI
SHGA250923,15350.5,1.02,FEM
SHGA250923,15350.86,2.24,OCH
SHGA250923,15351.88,0.1,FEM
SHGA250923,15353.66,1.18,OCH
SHGA250923,15354.84,2.58,FEM
SHGA250923,15358.82,0.12,KCHI
SHGA250923,15358.96,1.2,OCH
SHGA250923,15360.22,1.82,KCHI
SHGA250923,15362.36,2.46,FEM
SHGA250923,15363.36,1.56,KCHI
SHGA250923,15365.6,0.6,KCHI
SHGA250923,15368.34,1.12,KCHI
SHGA250923,15369.26,3.38,FEM
SHGA250923,15374.98,1.36,KCHI
SHGA250923,15376.34,1.6,FEM
SHGA250923,15379.0,2.34,FEM
SHGA250923,15379.06,0.28,KCHI
SHGA250923,15383.26,0.34,MAL
SHGA250923,15383.52,1.42,KCHI
SHGA250923,15384.9,1.78,FEM
SHGA250923,15385.96,0.72,MAL
SHGA250923,15386.96,1.72,FEM
SHGA250923,15389.82,0.66,KCHI
SHGA250923,15390.72,3.52,FEM
SHGA250923,15391.74,1.46,KCHI
SHGA250923,15394.22,1.04,KCHI
SHGA250923,15395.4,0.9,MAL
SHGA250923,15397.44,1.18,FEM
SHGA250923,15398.74,2.74,FEM
SHGA250923,15400.28,0.58,KCHI
SHGA250923,15400.86,0.32,OCH
SHGA250923,15402.26,3.34,FEM
SHGA250923,15402.9,1.86,KCHI
SHGA250923,15405.76,0.46,KCHI
SHGA250923,15405.94,3.2,FEM
SHGA250923,15409.14,0.96,KCHI
SHGA250923,15410.0,8.24,FEM
SHGA250923,15411.2,0.16,KCHI
SHGA250923,15416.98,0.42,MAL
SHGA250923,15418.52,2.28,FEM
SHGA250923,15422.18,0.32,FEM
SHGA250923,15423.76,1.28,FEM
SHGA250923,15426.72,0.78,FEM
SHGA250923,15426.96,0.66,KCHI
SHGA250923,15428.76,0.34,KCHI
SHGA250923,15429.92,1.36,FEM
SHGA250923,15431.16,1.66,KCHI
SHGA250923,15434.7,2.76,FEM
SHGA250923,15438.78,1.48,KCHI
SHGA250923,15440.28,0.72,MAL
SHGA250923,15440.76,5.62,FEM
SHGA250923,15441.38,0.9,KCHI
SHGA250923,15446.38,0.44,KCHI
SHGA250923,15448.32,1.76,FEM
SHGA250923,15449.84,0.34,KCHI
SHGA250923,15450.74,0.98,FEM
SHGA250923,15452.22,0.84,KCHI
SHGA250923,15452.3,1.8,FEM
SHGA250923,15454.34,0.16,FEM
SHGA250923,15454.34,0.46,KCHI
SHGA250923,15456.56,2.28,FEM
SHGA250923,15461.28,4.46,FEM
SHGA250923,15464.74,0.34,OCH
SHGA250923,15465.34,0.44,OCH
SHGA250923,15466.24,3.0,FEM
SHGA250923,15470.0,0.26,FEM
SHGA250923,15470.66,1.94,FEM
SHGA250923,15476.44,2.6,FEM
SHGA250923,15479.38,5.82,FEM
SHGA250923,15485.5,0.12,FEM
SHGA250923,15485.7,0.48,MAL
SHGA250923,15486.18,0.9,FEM
SHGA250923,15489.26,2.34,FEM
SHGA250923,15491.98,2.16,FEM
SHGA250923,15495.32,0.72,FEM
SHGA250923,15497.2,0.68,KCHI
SHGA250923,15498.12,5.5,KCHI
SHGA250923,15502.1,0.54,FEM
SHGA250923,15503.44,1.5,FEM
SHGA250923,15507.28,1.42,OCH
SHGA250923,15510.98,0.76,FEM
SHGA250923,15511.92,2.98,FEM
SHGA250923,15516.18,0.5,FEM
SHGA250923,15538.86,0.6,FEM
SHGA250923,15540.42,0.36,KCHI
SHGA250923,15540.9,0.16,KCHI
SHGA250923,15541.5,4.94,FEM
SHGA250923,15545.72,0.16,KCHI
SHGA250923,15545.88,0.26,OCH
SHGA250923,15547.32,3.88,FEM
SHGA250923,15551.86,1.98,KCHI
SHGA250923,15560.84,0.96,FEM
SHGA250923,15563.94,3.1,FEM
SHGA250923,15564.0,0.14,KCHI
SHGA250923,15567.54,4.34,FEM
SHGA250923,15569.6,0.16,KCHI
SHGA250923,15572.8,1.9,FEM
SHGA250923,15576.08,2.86,FEM
SHGA250923,15579.24,0.38,KCHI
SHGA250923,15582.28,1.4,OCH
SHGA250923,15583.96,2.12,OCH
SHGA250923,15585.88,2.84,FEM
SHGA250923,15593.78,0.86,FEM
SHGA250923,15595.66,1.96,FEM
SHGA250923,15598.72,0.44,MAL
SHGA250923,15601.24,1.16,FEM
SHGA250923,15605.58,2.28,FEM
SHGA250923,15610.58,1.7,FEM
SHGA250923,15613.54,3.98,FEM
SHGA250923,15639.48,0.32,FEM
SHGA250923,15647.98,1.38,FEM
SHGA250923,15650.62,0.28,KCHI
SHGA250923,15657.32,0.54,KCHI
SHGA250923,15657.86,1.5,FEM
SHGA250923,15661.06,0.22,FEM
SHGA250923,15663.34,0.16,FEM
SHGA250923,15663.72,1.44,FEM
SHGA250923,15672.56,2.64,FEM
SHGA250923,15676.34,8.84,FEM
SHGA250923,15681.2,0.1,OCH
SHGA250923,15684.48,0.62,KCHI
SHGA250923,15685.58,0.66,FEM
SHGA250923,15686.76,0.86,FEM
SHGA250923,15689.16,1.9,KCHI
SHGA250923,15691.62,3.26,FEM
SHGA250923,15700.46,1.18,FEM
SHGA250923,15701.64,1.46,KCHI
SHGA250923,15703.72,1.72,FEM
SHGA250923,15705.08,3.98,OCH
SHGA250923,15706.24,2.12,FEM
SHGA250923,15708.68,12.32,FEM
SHGA250923,15713.58,0.58,OCH
SHGA250923,15716.26,0.76,OCH
SHGA250923,15727.2,1.76,FEM
SHGA250923,15734.28,3.44,FEM
SHGA250923,15736.92,2.9,OCH
SHGA250923,15738.0,2.76,FEM
SHGA250923,15740.18,0.14,OCH
SHGA250923,15740.9,0.76,FEM
SHGA250923,15743.36,1.66,FEM
SHGA250923,15746.1,1.42,FEM
SHGA250923,15748.28,0.42,FEM
SHGA250923,15748.86,3.84,FEM
SHGA250923,15752.84,2.66,OCH
SHGA250923,15755.0,1.82,FEM
SHGA250923,15756.22,0.28,OCH
SHGA250923,15756.64,0.18,OCH
SHGA250923,15757.68,1.64,FEM
SHGA250923,15759.72,5.06,FEM
SHGA250923,15763.74,0.86,KCHI
SHGA250923,15764.78,0.32,KCHI
SHGA250923,15765.26,6.4,FEM
SHGA250923,15769.24,0.36,OCH
SHGA250923,15771.78,0.96,OCH
SHGA250923,15772.74,1.26,KCHI
SHGA250923,15787.76,0.64,OCH
SHGA250923,15789.98,0.82,OCH
SHGA250923,15800.94,1.88,FEM
SHGA250923,15805.78,1.2,KCHI
SHGA250923,15808.18,0.16,FEM
SHGA250923,15808.56,1.96,KCHI
SHGA250923,15811.26,2.8,FEM
SHGA250923,15814.48,3.3,FEM
SHGA250923,15818.18,3.74,FEM
SHGA250923,15822.42,0.8,FEM
SHGA250923,15828.46,0.78,FEM
SHGA250923,15828.54,2.14,KCHI
SHGA250923,15830.58,1.48,FEM
SHGA250923,15835.64,0.78,FEM
SHGA250923,15836.52,0.58,FEM
SHGA250923,15840.82,1.52,FEM
SHGA250923,15842.84,1.54,FEM
SHGA250923,15845.0,0.96,FEM
SHGA250923,15848.36,3.98,FEM
SHGA250923,15854.44,1.08,KCHI
SHGA250923,15855.6,3.02,FEM
SHGA250923,15855.82,0.5,KCHI
SHGA250923,15859.74,4.28,FEM
SHGA250923,15860.3,0.18,KCHI
SHGA250923,15861.34,0.6,KCHI
SHGA250923,15864.28,3.1,KCHI
SHGA250923,15868.16,0.1,KCHI
SHGA250923,15868.8,1.46,MAL
SHGA250923,15872.78,0.84,FEM
SHGA250923,15874.08,0.16,FEM
SHGA250923,15874.96,0.88,FEM
SHGA250923,15876.22,0.16,FEM
SHGA250923,15876.92,2.46,FEM
SHGA250923,15881.28,0.62,FEM
SHGA250923,15883.6,2.26,FEM
SHGA250923,15888.16,0.46,FEM
SHGA250923,15896.12,0.7,MAL
SHGA250923,15897.58,0.48,FEM
SHGA250923,15898.2,3.92,FEM
SHGA250923,15899.78,0.32,OCH
SHGA250923,15902.64,2.26,FEM
SHGA250923,15905.14,0.98,FEM
SHGA250923,15907.6,3.46,FEM
SHGA250923,15911.92,0.12,FEM
SHGA250923,15913.5,2.72,FEM
SHGA250923,15917.84,0.2,FEM
SHGA250923,15920.32,0.12,FEM
SHGA250923,15920.54,0.56,FEM
SHGA250923,15922.6,4.54,FEM
SHGA250923,15927.96,1.46,FEM
SHGA250923,15931.46,0.62,FEM
SHGA250923,15939.92,0.6,FEM
SHGA250923,15940.86,0.12,FEM
SHGA250923,15948.96,0.78,OCH
SHGA250923,15950.6,5.22,OCH
SHGA250923,15955.52,1.78,FEM
SHGA250923,15955.82,3.34,KCHI
SHGA250923,15959.06,0.68,FEM
SHGA250923,15971.74,0.12,FEM
SHGA250923,15972.2,1.44,FEM
SHGA250923,15973.56,0.56,MAL
SHGA250923,15974.1,2.16,FEM
SHGA250923,15974.44,0.12,MAL
SHGA250923,15974.68,0.1,MAL
SHGA250923,15979.7,0.34,FEM
SHGA250923,15980.54,0.9,FEM
SHGA250923,15981.78,0.16,FEM
SHGA250923,15982.12,0.14,FEM
SHGA250923,15982.8,0.24,FEM
SHGA250923,15983.22,0.94,FEM
SHGA250923,15987.48,4.16,FEM
SHGA250923,15992.36,0.8,FEM
SHGA250923,15994.46,1.16,FEM
SHGA250923,15999.6,0.18,KCHI
SHGA250923,16001.36,1.4,FEM
SHGA250923,16010.08,0.34,KCHI
SHGA250923,16011.54,2.94,FEM
SHGA250923,16014.6,0.1,FEM
SHGA250923,16014.98,0.54,FEM
SHGA250923,16015.52,1.46,OCH
SHGA250923,16017.12,1.26,FEM
SHGA250923,16020.26,1.22,FEM
SHGA250923,16024.32,1.16,FEM
SHGA250923,16027.46,0.8,KCHI
SHGA250923,16028.68,2.76,FEM
SHGA250923,16031.68,5.34,FEM
SHGA250923,16039.68,0.62,FEM
SHGA250923,16040.92,6.28,FEM
SHGA250923,16047.6,3.32,FEM
SHGA250923,16049.18,0.14,OCH
SHGA250923,16049.5,1.84,OCH
SHGA250923,16051.34,0.22,KCHI
SHGA250923,16064.1,0.94,FEM
SHGA250923,16065.18,1.0,KCHI
SHGA250923,16066.02,3.04,FEM
SHGA250923,16070.76,4.46,FEM
SHGA250923,16076.64,0.2,FEM
SHGA250923,16077.1,3.3,FEM
SHGA250923,16087.34,0.44,OCH
SHGA250923,16087.84,0.56,FEM
SHGA250923,16088.92,0.52,KCHI
SHGA250923,16089.42,0.86,FEM
SHGA250923,16090.4,0.52,OCH
SHGA250923,16091.62,1.1,FEM
SHGA250923,16092.68,0.68,MAL
SHGA250923,16094.1,0.94,MAL
SHGA250923,16095.46,1.14,FEM
SHGA250923,16098.26,0.78,FEM
SHGA250923,16099.1,2.24,KCHI
SHGA250923,16102.72,0.52,FEM
SHGA250923,16105.0,2.64,FEM
SHGA250923,16108.06,1.76,FEM
SHGA250923,16110.02,0.98,FEM
SHGA250923,16115.02,0.14,MAL
SHGA250923,16116.38,0.3,KCHI
SHGA250923,16116.66,2.24,FEM
SHGA250923,16119.0,1.84,MAL
SHGA250923,16120.92,1.62,FEM
SHGA250923,16122.86,2.34,FEM
SHGA250923,16122.88,0.1,MAL
SHGA250923,16126.32,0.84,MAL
SHGA250923,16127.32,1.28,MAL
SHGA250923,16128.58,2.36,FEM
SHGA250923,16130.52,0.42,KCHI
SHGA250923,16132.34,3.74,FEM
SHGA250923,16134.92,0.1,KCHI
SHGA250923,16136.5,0.36,FEM
SHGA250923,16138.48,0.4,FEM
SHGA250923,16139.22,2.08,FEM
SHGA250923,16140.58,1.5,MAL
SHGA250923,16141.44,0.4,FEM
SHGA250923,16141.98,1.52,FEM
SHGA250923,16144.6,0.24,MAL
SHGA250923,16144.8,0.52,FEM
SHGA250923,16145.3,1.14,MAL
SHGA250923,16150.12,0.72,FEM
SHGA250923,16152.68,0.46,FEM
SHGA250923,16155.1,0.68,FEM
SHGA250923,16158.28,0.12,FEM
SHGA250923,16160.3,0.32,KCHI
SHGA250923,16160.76,3.18,FEM
SHGA250923,16164.28,2.4,FEM
SHGA250923,16165.6,1.16,OCH
SHGA250923,16167.4,0.32,KCHI
SHGA250923,16167.86,0.4,KCHI
SHGA250923,16167.96,0.1,FEM
SHGA250923,16170.74,1.96,FEM
SHGA250923,16172.18,0.3,MAL
SHGA250923,16173.22,0.4,FEM
SHGA250923,16173.36,0.64,MAL
SHGA250923,16173.72,1.0,FEM
SHGA250923,16178.96,1.8,FEM
SHGA250923,16179.24,0.4,OCH
SHGA250923,16181.08,1.32,FEM
SHGA250923,16182.42,0.26,OCH
SHGA250923,16182.68,0.8,FEM
SHGA250923,16183.46,0.46,OCH
SHGA250923,16183.86,0.3,KCHI
SHGA250923,16185.44,0.28,OCH
SHGA250923,16186.02,2.42,FEM
SHGA250923,16188.66,0.8,FEM
SHGA250923,16188.7,0.76,OCH
SHGA250923,16191.7,1.02,FEM
SHGA250923,16207.4,1.02,FEM
SHGA250923,16210.04,1.1,FEM
SHGA250923,16213.76,0.12,FEM
SHGA250923,16214.04,0.22,FEM
SHGA250923,16227.68,1.12,KCHI
SHGA250923,16229.88,2.38,FEM
SHGA250923,16232.52,0.3,KCHI
SHGA250923,16232.98,0.88,FEM
SHGA250923,16237.42,0.5,FEM
SHGA250923,16238.4,1.04,OCH
SHGA250923,16239.1,3.76,FEM
SHGA250923,16240.78,0.16,OCH
SHGA250923,16243.16,0.76,OCH
SHGA250923,16244.2,1.5,FEM
SHGA250923,16245.9,0.46,OCH
SHGA250923,16246.72,2.76,FEM
SHGA250923,16249.86,0.48,FEM
SHGA250923,16251.02,1.78,KCHI
SHGA250923,16253.4,0.92,FEM
SHGA250923,16254.1,0.8,KCHI
SHGA250923,16256.96,0.28,FEM
SHGA250923,16258.3,0.8,FEM
SHGA250923,16266.42,1.18,FEM
SHGA250923,16272.18,0.48,KCHI
SHGA250923,16272.78,0.36,KCHI
SHGA250923,16278.2,1.82,KCHI
SHGA250923,16286.84,0.88,KCHI
SHGA250923,16294.12,3.1,KCHI
SHGA250923,16306.92,0.34,FEM
SHGA250923,16307.6,1.54,KCHI
SHGA250923,16309.36,2.82,KCHI
SHGA250923,16312.4,1.08,KCHI
SHGA250923,16314.06,1.4,KCHI
SHGA250923,16316.52,1.56,FEM
SHGA250923,16319.4,1.24,KCHI
SHGA250923,16322.28,0.3,FEM
SHGA250923,16322.7,1.34,KCHI
SHGA250923,16344.46,0.56,KCHI
SHGA250923,16346.22,1.12,KCHI
SHGA250923,16347.72,1.32,KCHI
SHGA250923,16370.28,0.18,KCHI
SHGA250923,16390.78,0.48,FEM
SHGA250923,16392.6,0.68,KCHI
SHGA250923,16396.1,1.5,KCHI
SHGA250923,16406.4,2.12,FEM
SHGA250923,16409.18,0.36,FEM
SHGA250923,16418.18,0.36,KCHI
SHGA250923,16421.48,0.16,KCHI
SHGA250923,16423.44,1.44,FEM
SHGA250923,16425.08,3.22,FEM
SHGA250923,16428.56,0.72,KCHI
SHGA250923,16429.44,0.14,KCHI
SHGA250923,16434.88,0.18,MAL
SHGA250923,16445.46,0.74,FEM
SHGA250923,16449.36,0.92,FEM
SHGA250923,16454.7,0.66,MAL
SHGA250923,16455.16,1.5,FEM
SHGA250923,16456.82,0.48,FEM
SHGA250923,16457.82,1.3,FEM
SHGA250923,16461.98,0.6,FEM
SHGA250923,16463.4,0.98,FEM
SHGA250923,16470.3,1.58,FEM
SHGA250923,16473.74,2.16,FEM
SHGA250923,16476.58,0.62,FEM
SHGA250923,16489.14,1.6,FEM
SHGA250923,16490.78,0.36,KCHI
SHGA250923,16491.94,1.7,FEM
SHGA250923,16492.26,0.86,MAL
SHGA250923,16493.82,0.42,FEM
SHGA250923,16494.7,0.16,MAL
SHGA250923,16495.06,0.16,MAL
SHGA250923,16496.38,1.32,MAL
SHGA250923,16499.96,1.06,KCHI
SHGA250923,16507.06,1.24,KCHI
SHGA250923,16512.0,0.42,KCHI
SHGA250923,16513.02,0.36,KCHI
SHGA250923,16516.14,0.86,MAL
SHGA250923,16521.82,0.64,KCHI
SHGA250923,16524.36,0.6,KCHI
SHGA250923,16526.58,0.4,KCHI
SHGA250923,16530.08,0.64,KCHI
SHGA250923,16531.36,0.68,KCHI
SHGA250923,16532.76,0.16,KCHI
SHGA250923,16532.92,3.62,FEM
SHGA250923,16536.1,0.4,KCHI
SHGA250923,16539.04,1.1,FEM
SHGA250923,16542.12,2.6,KCHI
SHGA250923,16546.02,0.76,KCHI
SHGA250923,16547.68,3.26,KCHI
SHGA250923,16548.66,1.76,FEM
SHGA250923,16551.5,0.9,FEM
SHGA250923,16554.56,0.2,KCHI
SHGA250923,16555.32,0.5,KCHI
SHGA250923,16556.8,2.32,KCHI
SHGA250923,16561.9,1.42,FEM
SHGA250923,16563.12,0.24,KCHI
SHGA250923,16570.2,0.5,KCHI
SHGA250923,16570.8,1.16,MAL
SHGA250923,16573.04,0.56,MAL
SHGA250923,16579.72,0.12,KCHI
SHGA250923,16579.92,3.3,FEM
SHGA250923,16583.1,0.8,OCH
SHGA250923,16584.66,0.28,KCHI
SHGA250923,16585.0,1.62,FEM
SHGA250923,16587.44,1.2,FEM
SHGA250923,16588.64,0.64,MAL
SHGA250923,16589.9,0.42,KCHI
SHGA250923,16590.68,1.86,FEM
SHGA250923,16597.18,1.7,MAL
SHGA250923,16599.14,0.22,KCHI
SHGA250923,16599.68,0.9,FEM
SHGA250923,16602.6,1.64,FEM
SHGA250923,16604.56,2.02,FEM
SHGA250923,16607.1,2.38,FEM
SHGA250923,16609.8,1.08,FEM
SHGA250923,16611.04,1.68,KCHI
SHGA250923,16612.38,1.46,FEM
SHGA250923,16614.32,2.18,FEM
SHGA250923,16617.14,1.76,FEM
SHGA250923,16619.18,1.18,FEM
SHGA250923,16620.56,1.7,KCHI
SHGA250923,16623.4,1.44,FEM
SHGA250923,16625.26,4.0,FEM
SHGA250923,16630.14,2.28,KCHI
SHGA250923,16633.66,1.58,FEM
SHGA250923,16635.78,0.34,FEM
SHGA250923,16637.74,1.42,FEM
SHGA250923,16639.36,1.02,FEM
SHGA250923,16640.38,0.28,KCHI
SHGA250923,16641.5,2.68,KCHI
SHGA250923,16650.22,0.68,FEM
SHGA250923,16653.76,1.1,FEM
SHGA250923,16668.24,0.48,KCHI
SHGA250923,16671.98,1.04,KCHI
SHGA250923,16672.22,0.68,FEM
SHGA250923,16673.36,4.22,FEM
SHGA250923,16676.2,2.18,KCHI
SHGA250923,16683.32,0.16,KCHI
SHGA250923,16683.6,0.56,KCHI
SHGA250923,16686.46,0.22,FEM
SHGA250923,16700.08,3.84,KCHI
SHGA250923,16700.1,0.14,FEM
SHGA250923,16700.4,1.02,FEM
SHGA250923,16705.26,1.66,KCHI
SHGA250923,16720.64,2.92,FEM
SHGA250923,16735.52,0.38,KCHI
SHGA250923,16742.78,0.9,FEM
SHGA250923,16745.0,0.92,FEM
SHGA250923,16747.84,0.64,KCHI
SHGA250923,16748.48,2.1,FEM
SHGA250923,16750.84,1.3,KCHI
SHGA250923,16756.82,1.92,FEM
SHGA250923,16763.76,0.78,OCH
SHGA250923,16765.34,0.96,OCH
SHGA250923,16766.7,0.36,MAL
SHGA250923,16775.7,0.28,KCHI
SHGA250923,16776.2,0.44,KCHI
SHGA250923,16776.76,1.22,KCHI
SHGA250923,16777.96,6.04,FEM
SHGA250923,16784.62,3.02,FEM
SHGA250923,16788.42,2.18,FEM
SHGA250923,16791.1,1.3,FEM
SHGA250923,16792.56,3.04,FEM
SHGA250923,16801.38,2.1,FEM
SHGA250923,16804.8,0.88,FEM
SHGA250923,16807.54,1.7,FEM
SHGA250923,16811.4,1.72,FEM
SHGA250923,16813.78,0.86,FEM
SHGA250923,16815.02,0.48,MAL
SHGA250923,16815.22,0.18,FEM
SHGA250923,16815.5,0.32,KCHI
SHGA250923,16818.26,1.64,FEM
SHGA250923,16820.46,0.34,KCHI
SHGA250923,16820.8,5.84,FEM
SHGA250923,16827.96,4.78,FEM
SHGA250923,16832.68,0.46,KCHI
SHGA250923,16833.18,0.72,FEM
SHGA250923,16834.12,1.2,MAL
SHGA250923,16835.8,0.68,KCHI
SHGA250923,16836.66,0.54,MAL
SHGA250923,16837.26,0.72,KCHI
SHGA250923,16839.64,2.94,FEM
SHGA250923,16848.14,1.74,FEM
SHGA250923,16849.98,0.64,KCHI
SHGA250923,16850.62,0.82,FEM
SHGA250923,16851.32,1.4,OCH
SHGA250923,16853.76,0.12,OCH
SHGA250923,16855.6,3.36,FEM
SHGA250923,16857.96,0.24,KCHI
SHGA250923,16858.96,0.2,KCHI
SHGA250923,16859.46,3.8,FEM
SHGA250923,16861.8,0.28,KCHI
SHGA250923,16862.84,0.42,KCHI
SHGA250923,16866.34,2.08,FEM
SHGA250923,16869.08,2.02,FEM
SHGA250923,16871.22,0.54,KCHI
SHGA250923,16872.68,0.76,FEM
SHGA250923,16875.2,0.8,KCHI
SHGA250923,16876.6,1.14,FEM
SHGA250923,16878.3,0.24,FEM
SHGA250923,16878.66,0.22,KCHI
SHGA250923,16879.18,0.5,KCHI
SHGA250923,16880.14,1.42,KCHI
SHGA250923,16881.38,0.98,MAL
SHGA250923,16882.46,0.7,OCH
SHGA250923,16885.44,1.7,FEM
SHGA250923,16888.2,2.54,MAL
SHGA250923,16891.12,0.96,FEM
SHGA250923,16892.54,0.86,KCHI
SHGA250923,16893.5,1.6,FEM
SHGA250923,16896.44,2.64,FEM
SHGA250923,16899.08,0.44,KCHI
SHGA250923,16900.78,0.84,KCHI
SHGA250923,16900.96,1.04,FEM
SHGA250923,16902.64,1.2,FEM
SHGA250923,16905.22,1.76,MAL
SHGA250923,16907.04,2.02,KCHI
SHGA250923,16916.0,1.48,KCHI
SHGA250923,16917.68,0.38,FEM
SHGA250923,16919.34,0.7,MAL
SHGA250923,16919.8,0.78,KCHI
SHGA250923,16921.36,4.1,FEM
SHGA250923,16924.76,0.42,KCHI
SHGA250923,16927.24,2.32,FEM
SHGA250923,16930.14,0.5,MAL
SHGA250923,16930.6,0.32,FEM
SHGA250923,16932.7,2.2,FEM
SHGA250923,16934.9,0.24,KCHI
SHGA250923,16938.54,0.34,MAL
SHGA250923,16941.66,0.34,KCHI
SHGA250923,16943.06,0.94,FEM
SHGA250923,16949.92,0.9,OCH
SHGA250923,16950.82,0.24,KCHI
SHGA250923,16953.28,0.88,KCHI
SHGA250923,16956.12,1.08,KCHI
SHGA250923,16961.24,0.92,MAL
SHGA250923,16965.28,0.78,FEM
SHGA250923,16966.74,0.36,KCHI
SHGA250923,16967.12,1.88,MAL
SHGA250923,16968.3,1.08,FEM
SHGA250923,16970.84,3.22,FEM
SHGA250923,16977.6,0.52,KCHI
SHGA250923,16983.54,0.42,KCHI
SHGA250923,16985.58,0.96,FEM
SHGA250923,16986.64,0.84,KCHI
SHGA250923,16987.5,0.76,FEM
SHGA250923,16990.22,0.4,FEM
SHGA250923,16998.84,1.06,FEM
SHGA250923,17001.88,0.68,FEM
SHGA250923,17002.56,0.6,KCHI
SHGA250923,17005.26,1.28,FEM
SHGA250923,17005.54,0.42,KCHI
SHGA250923,17012.92,1.4,KCHI
SHGA250923,17014.5,0.6,FEM
SHGA250923,17017.82,0.42,KCHI
SHGA250923,17019.06,0.2,OCH
SHGA250923,17023.54,0.92,KCHI
SHGA250923,17025.9,1.52,FEM
SHGA250923,17027.34,0.34,KCHI
SHGA250923,17027.6,0.92,FEM
SHGA250923,17028.72,0.68,FEM
SHGA250923,17030.42,1.28,FEM
SHGA250923,17034.4,0.84,FEM
SHGA250923,17035.56,0.4,KCHI
SHGA250923,17036.28,1.0,FEM
SHGA250923,17039.04,1.36,FEM
SHGA250923,17040.36,0.44,KCHI
SHGA250923,17040.8,0.82,FEM
SHGA250923,17042.36,0.86,KCHI
SHGA250923,17044.38,1.64,OCH
SHGA250923,17044.62,0.12,FEM
SHGA250923,17045.3,0.3,FEM
SHGA250923,17046.04,0.28,KCHI
SHGA250923,17046.14,0.2,OCH
SHGA250923,17046.34,0.36,MAL
SHGA250923,17047.4,0.62,FEM
SHGA250923,17048.04,1.38,MAL
SHGA250923,17050.32,0.94,FEM
SHGA250923,17050.52,0.5,KCHI
SHGA250923,17051.68,0.88,KCHI
SHGA250923,17052.26,1.1,FEM
SHGA250923,17054.38,1.2,FEM
SHGA250923,17054.72,0.82,KCHI
SHGA250923,17056.52,1.9,FEM
SHGA250923,17058.28,0.48,KCHI
SHGA250923,17059.18,1.06,FEM
SHGA250923,17059.96,0.3,KCHI
SHGA250923,17060.72,2.28,FEM
SHGA250923,17062.12,0.14,KCHI
SHGA250923,17063.7,1.0,FEM
SHGA250923,17066.24,0.16,KCHI
SHGA250923,17066.24,1.04,FEM
SHGA250923,17067.66,2.56,KCHI
SHGA250923,17070.34,0.72,FEM
SHGA250923,17070.82,0.4,KCHI
SHGA250923,17071.92,1.84,OCH
SHGA250923,17074.42,0.7,KCHI
SHGA250923,17074.86,2.0,FEM
SHGA250923,17081.08,0.82,MAL
SHGA250923,17087.28,0.6,FEM
SHGA250923,17090.12,0.64,FEM
SHGA250923,17092.74,1.36,FEM
SHGA250923,17093.12,1.28,KCHI
SHGA250923,17098.68,0.24,MAL
SHGA250923,17100.18,1.72,FEM
SHGA250923,17103.98,1.38,KCHI
SHGA250923,17106.04,3.18,FEM
SHGA250923,17109.36,0.44,KCHI
SHGA250923,17110.18,1.5,KCHI
SHGA250923,17112.8,0.44,FEM
SHGA250923,17114.58,0.76,FEM
SHGA250923,17115.66,2.14,KCHI
SHGA250923,17117.82,0.16,FEM
SHGA250923,17117.98,0.42,MAL
SHGA250923,17118.5,1.7,KCHI
SHGA250923,17120.2,1.76,FEM
SHGA250923,17125.3,0.6,FEM
SHGA250923,17129.46,0.1,FEM
SHGA250923,17129.92,1.56,FEM
SHGA250923,17132.8,0.9,MAL
SHGA250923,17133.9,1.82,FEM
SHGA250923,17135.92,1.36,FEM
SHGA250923,17137.2,0.68,MAL
SHGA250923,17141.86,2.46,FEM
SHGA250923,17144.84,0.88,FEM
SHGA250923,17148.32,0.66,FEM
SHGA250923,17149.58,0.24,FEM
SHGA250923,17151.46,0.2,MAL
SHGA250923,17154.66,1.9,FEM
SHGA250923,17157.38,0.4,FEM
SHGA250923,17161.76,1.58,FEM
SHGA250923,17165.1,1.72,FEM
SHGA250923,17167.16,0.66,FEM
SHGA250923,17168.36,0.78,FEM
SHGA250923,17169.3,0.42,KCHI
SHGA250923,17173.8,1.74,FEM
SHGA250923,17175.72,1.92,FEM
SHGA250923,17179.44,0.14,FEM
SHGA250923,17181.66,1.56,MAL
SHGA250923,17186.9,1.94,KCHI
SHGA250923,17189.76,1.1,KCHI
SHGA250923,17193.6,2.08,KCHI
SHGA250923,17196.92,0.82,KCHI
SHGA250923,17198.78,0.6,KCHI
SHGA250923,17199.54,0.38,MAL
SHGA250923,17201.62,0.9,FEM
SHGA250923,17201.86,3.68,KCHI
SHGA250923,17205.44,4.22,FEM
SHGA250923,17206.78,0.2,KCHI
SHGA250923,17210.34,1.9,FEM
SHGA250923,17212.32,0.28,KCHI
SHGA250923,17213.08,1.44,FEM
SHGA250923,17215.88,1.42,FEM
SHGA250923,17217.3,0.18,OCH
SHGA250923,17217.48,1.52,KCHI
SHGA250923,17219.18,0.24,KCHI
SHGA250923,17219.54,0.2,KCHI
SHGA250923,17236.34,0.28,MAL
SHGA250923,17237.56,2.9,MAL
SHGA250923,17241.44,2.44,KCHI
SHGA250923,17244.5,0.84,MAL
SHGA250923,17245.34,0.38,FEM
SHGA250923,17247.28,0.2,FEM
SHGA250923,17252.46,0.94,FEM
SHGA250923,17253.52,1.6,FEM
SHGA250923,17255.3,0.72,FEM
SHGA250923,17257.74,2.36,FEM
SHGA250923,17262.52,0.36,KCHI
SHGA250923,17263.14,3.88,KCHI
SHGA250923,17270.02,0.68,FEM
SHGA250923,17270.56,0.22,KCHI
SHGA250923,17271.22,1.16,MAL
SHGA250923,17272.92,0.28,FEM
SHGA250923,17276.9,0.28,FEM
SHGA250923,17281.16,0.5,KCHI
SHGA250923,17285.44,0.82,MAL
SHGA250923,17286.54,1.8,FEM
SHGA250923,17286.58,0.18,KCHI
SHGA250923,17289.2,1.0,MAL
SHGA250923,17291.24,1.46,OCH
SHGA250923,17293.12,2.58,KCHI
SHGA250923,17296.1,0.54,FEM
SHGA250923,17297.3,2.98,MAL
SHGA250923,17300.24,0.56,KCHI
SHGA250923,17301.44,2.32,FEM
SHGA250923,17303.76,0.2,KCHI
SHGA250923,17303.98,1.06,FEM
SHGA250923,17308.8,2.88,FEM
SHGA250923,17313.22,0.36,KCHI
SHGA250923,17314.36,0.54,KCHI
SHGA250923,17314.94,3.2,FEM
SHGA250923,17316.86,0.12,KCHI
SHGA250923,17317.42,1.38,OCH
SHGA250923,17319.12,1.42,KCHI
SHGA250923,17322.42,1.02,MAL
SHGA250923,17323.44,1.5,FEM
SHGA250923,17328.02,0.42,MAL
SHGA250923,17329.56,0.68,FEM
SHGA250923,17330.42,0.14,KCHI
SHGA250923,17330.6,0.52,OCH
SHGA250923,17331.06,0.26,KCHI
SHGA250923,17331.2,2.74,FEM
SHGA250923,17333.94,0.52,KCHI
SHGA250923,17335.1,1.78,KCHI
SHGA250923,17336.52,2.24,FEM
SHGA250923,17339.58,0.78,KCHI
SHGA250923,17340.5,0.36,FEM
SHGA250923,17340.86,0.28,KCHI
SHGA250923,17341.26,0.22,KCHI
SHGA250923,17342.02,1.22,FEM
SHGA250923,17344.84,0.62,KCHI
SHGA250923,17345.68,3.64,FEM
SHGA250923,17349.66,4.88,FEM
SHGA250923,17359.86,2.4,FEM
SHGA250923,17362.98,2.54,FEM
SHGA250923,17365.48,1.7,KCHI
SHGA250923,17367.1,1.62,FEM
SHGA250923,17368.78,0.72,KCHI
SHGA250923,17374.7,1.98,FEM
SHGA250923,17380.66,1.06,KCHI
SHGA250923,17381.76,1.2,FEM
SHGA250923,17383.22,1.42,KCHI
SHGA250923,17385.42,1.2,FEM
SHGA250923,17385.72,0.9,OCH
SHGA250923,17387.2,0.2,MAL
SHGA250923,17387.68,0.94,FEM
SHGA250923,17388.62,1.34,KCHI
SHGA250923,17390.44,1.9,KCHI
SHGA250923,17394.44,1.2,MAL
SHGA250923,17396.58,1.58,FEM
SHGA250923,17400.16,0.4,FEM
SHGA250923,17402.06,1.8,KCHI
SHGA250923,17410.16,0.48,KCHI
SHGA250923,17423.88,0.56,FEM
SHGA250923,17424.44,0.32,MAL
SHGA250923,17425.62,0.54,KCHI
SHGA250923,17475.84,0.34,MAL
SHGA250923,17496.08,0.82,KCHI
SHGA250923,17542.32,1.46,KCHI
SHGA250923,17558.82,0.14,KCHI
SHGA250923,17564.22,1.04,KCHI
SHGA250923,17571.42,0.28,KCHI
SHGA250923,17590.54,0.66,KCHI
SHGA250923,17710.66,0.34,KCHI
SHGA250923,17741.62,1.22,KCHI
SHGA250923,17750.84,0.72,MAL
SHGA250923,17756.0,1.48,MAL
SHGA250923,17765.48,1.24,FEM
SHGA250923,17775.24,0.76,MAL
SHGA250923,17791.7,1.84,MAL
SHGA250923,17798.56,1.3,MAL
SHGA250923,17800.92,1.18,MAL
SHGA250923,17802.54,2.54,FEM
SHGA250923,17805.74,0.78,FEM
SHGA250923,17809.38,0.58,MAL
SHGA250923,17810.76,1.98,MAL
SHGA250923,17815.66,0.62,KCHI
SHGA250923,17816.6,0.12,KCHI
SHGA250923,17817.2,0.46,FEM
SHGA250923,17818.3,0.16,MAL
SHGA250923,17819.04,0.22,FEM
SHGA250923,17822.44,0.8,KCHI
SHGA250923,17823.36,1.2,KCHI
SHGA250923,17838.06,1.34,MAL
SHGA250923,17841.3,1.04,MAL
SHGA250923,17842.54,0.62,MAL
SHGA250923,17851.16,2.8,MAL
SHGA250923,17858.26,1.88,KCHI
SHGA250923,17866.22,2.7,MAL
SHGA250923,17872.64,1.42,KCHI
SHGA250923,17874.18,1.14,KCHI
SHGA250923,17876.3,1.5,MAL
SHGA250923,17878.16,1.62,FEM
SHGA250923,17880.3,0.76,MAL
SHGA250923,17880.98,0.62,KCHI
SHGA250923,17882.7,0.5,MAL
SHGA250923,17886.12,7.96,KCHI
SHGA250923,17890.1,3.98,FEM
SHGA250923,17897.44,0.62,FEM
SHGA250923,17898.78,0.46,KCHI
SHGA250923,17899.92,0.72,KCHI
SHGA250923,17900.9,0.62,KCHI
SHGA250923,17906.02,0.56,KCHI
SHGA250923,17910.0,0.22,KCHI
SHGA250923,17910.24,1.46,MAL
SHGA250923,17911.76,1.32,KCHI
SHGA250923,17913.98,0.12,KCHI
SHGA250923,17914.1,0.96,FEM
SHGA250923,17915.1,0.62,KCHI
SHGA250923,17915.9,0.88,FEM
SHGA250923,17921.4,1.76,MAL
SHGA250923,17923.28,0.22,MAL
SHGA250923,17927.74,1.88,MAL
SHGA250923,17940.48,0.96,KCHI
SHGA250923,17948.06,1.74,FEM
SHGA250923,17951.62,2.16,MAL
SHGA250923,17953.78,0.36,FEM
SHGA250923,17955.48,0.34,FEM
SHGA250923,17956.28,0.6,FEM
SHGA250923,17962.44,0.58,MAL
SHGA250923,17966.64,0.24,KCHI
SHGA250923,17969.7,1.06,KCHI
SHGA250923,17976.14,1.42,FEM
SHGA250923,17992.4,0.86,MAL
SHGA250923,17994.48,0.92,MAL
SHGA250923,17995.76,1.96,MAL
SHGA250923,17997.92,1.38,FEM
SHGA250923,18000.56,0.58,KCHI
SHGA250923,18002.6,0.94,KCHI
SHGA250923,18005.52,1.16,MAL
SHGA250923,18006.68,0.9,OCH
SHGA250923,18007.78,1.48,FEM
SHGA250923,18009.5,1.24,FEM
SHGA250923,18010.1,0.54,MAL
SHGA250923,18011.06,0.16,KCHI
SHGA250923,18011.68,1.3,FEM
SHGA250923,18013.48,0.18,KCHI
SHGA250923,18013.82,1.54,FEM
SHGA250923,18014.3,0.5,KCHI
SHGA250923,18015.96,1.14,KCHI
SHGA250923,18017.96,1.2,KCHI
SHGA250923,18021.0,1.12,KCHI
SHGA250923,18022.12,1.0,FEM
SHGA250923,18024.4,0.96,KCHI
SHGA250923,18025.46,1.22,MAL
SHGA250923,18029.4,0.22,FEM
SHGA250923,18030.9,0.82,KCHI
SHGA250923,18031.82,1.56,FEM
SHGA250923,18037.36,0.4,FEM
SHGA250923,18039.5,1.68,FEM
SHGA250923,18041.34,1.8,KCHI
SHGA250923,18051.04,1.2,KCHI
SHGA250923,18053.28,0.64,KCHI
SHGA250923,18055.7,0.56,KCHI
SHGA250923,18065.22,0.4,FEM
SHGA250923,18068.22,1.12,MAL
SHGA250923,18069.78,0.58,MAL
SHGA250923,18070.54,0.78,MAL
SHGA250923,18079.56,0.2,FEM
SHGA250923,18086.66,2.44,KCHI
SHGA250923,18089.1,0.1,FEM
SHGA250923,18089.36,0.22,FEM
SHGA250923,18090.06,0.4,FEM
SHGA250923,18090.74,0.26,FEM
SHGA250923,18091.46,1.16,FEM
SHGA250923,18100.52,1.2,KCHI
SHGA250923,18106.66,0.6,KCHI
SHGA250923,18108.42,0.58,KCHI
SHGA250923,18117.12,1.16,MAL
SHGA250923,18118.96,0.48,MAL
SHGA250923,18120.76,1.4,MAL
SHGA250923,18123.76,0.16,FEM
SHGA250923,18125.26,1.08,MAL
SHGA250923,18133.68,1.22,MAL
SHGA250923,18135.06,0.86,MAL
SHGA250923,18140.18,0.66,FEM
SHGA250923,18153.48,0.66,KCHI
SHGA250923,18161.14,1.12,KCHI
SHGA250923,18165.34,2.3,FEM
SHGA250923,18168.7,0.7,KCHI
SHGA250923,18169.52,1.44,KCHI
SHGA250923,18172.22,0.62,KCHI
SHGA250923,18173.28,0.92,MAL
SHGA250923,18174.22,0.92,KCHI
SHGA250923,18175.84,0.68,MAL
SHGA250923,18184.62,0.64,KCHI
SHGA250923,18186.74,1.1,KCHI
SHGA250923,18188.06,0.44,MAL
SHGA250923,18188.84,1.4,FEM
SHGA250923,18190.42,0.4,MAL
SHGA250923,18192.58,0.8,FEM
SHGA250923,18193.82,0.44,KCHI
SHGA250923,18196.56,0.56,KCHI
SHGA250923,18206.32,0.28,KCHI
SHGA250923,18207.56,3.48,KCHI
SHGA250923,18211.2,1.92,KCHI
SHGA250923,18213.92,0.3,KCHI
SHGA250923,18214.5,1.9,KCHI
SHGA250923,18216.6,3.28,KCHI
SHGA250923,18222.52,0.28,KCHI
SHGA250923,18223.2,0.34,KCHI
SHGA250923,18224.26,1.56,KCHI
SHGA250923,18226.42,0.16,KCHI
SHGA250923,18227.64,0.32,KCHI
SHGA250923,18227.98,0.28,MAL
SHGA250923,18228.48,0.14,KCHI
SHGA250923,18229.7,0.5,KCHI
SHGA250923,18230.38,0.92,MAL
SHGA250923,18231.12,1.04,KCHI
SHGA250923,18232.32,0.68,KCHI
SHGA250923,18233.22,0.26,KCHI
SHGA250923,18234.56,1.06,MAL
SHGA250923,18236.36,1.14,KCHI
SHGA250923,18237.5,3.12,MAL
SHGA250923,18240.64,0.46,KCHI
SHGA250923,18241.92,0.44,FEM
SHGA250923,18243.0,1.32,FEM
SHGA250923,18246.0,0.36,MAL
SHGA250923,18247.4,1.62,MAL
SHGA250923,18252.64,0.22,KCHI
SHGA250923,18256.68,1.2,FEM
SHGA250923,18258.66,0.72,KCHI
SHGA250923,18259.58,0.66,KCHI
SHGA250923,18260.3,1.04,FEM
SHGA250923,18261.46,0.28,FEM
SHGA250923,18262.62,0.98,KCHI
SHGA250923,18265.48,0.68,KCHI
SHGA250923,18273.14,0.32,KCHI
SHGA250923,18278.96,0.54,FEM
SHGA250923,18283.22,0.64,KCHI
SHGA250923,18284.12,2.06,KCHI
SHGA250923,18286.8,0.58,FEM
SHGA250923,18287.74,0.24,KCHI
SHGA250923,18288.12,0.3,FEM
SHGA250923,18288.6,0.3,FEM
SHGA250923,18289.4,0.88,KCHI
SHGA250923,18294.38,1.02,KCHI
SHGA250923,18295.86,3.7,KCHI
SHGA250923,18299.96,0.64,KCHI
SHGA250923,18304.02,0.54,KCHI
SHGA250923,18304.52,3.48,FEM
SHGA250923,18305.14,0.88,KCHI
SHGA250923,18306.72,0.4,KCHI
SHGA250923,18307.6,0.4,KCHI
SHGA250923,18309.02,0.22,KCHI
SHGA250923,18309.54,0.32,KCHI
SHGA250923,18309.98,0.22,KCHI
SHGA250923,18315.78,0.18,FEM
SHGA250923,18316.26,0.88,KCHI
SHGA250923,18317.34,2.22,KCHI
SHGA250923,18322.58,0.36,FEM
SHGA250923,18323.92,0.58,KCHI
SHGA250923,18324.76,0.56,KCHI
SHGA250923,18325.66,2.22,KCHI
SHGA250923,18327.6,0.3,FEM
SHGA250923,18331.88,1.2,FEM
SHGA250923,18334.56,1.3,FEM
SHGA250923,18338.08,0.56,KCHI
SHGA250923,18340.06,3.4,KCHI
SHGA250923,18343.46,1.3,FEM
SHGA250923,18343.82,1.96,KCHI
SHGA250923,18345.78,1.02,FEM
SHGA250923,18346.8,5.54,KCHI
SHGA250923,18352.54,0.56,KCHI
SHGA250923,18353.54,1.62,KCHI
SHGA250923,18353.9,0.5,FEM
SHGA250923,18355.68,0.14,KCHI
SHGA250923,18356.08,0.4,MAL
SHGA250923,18357.48,2.26,MAL
SHGA250923,18360.96,0.26,KCHI
SHGA250923,18361.4,0.62,KCHI
SHGA250923,18362.0,2.0,MAL
SHGA250923,18364.46,0.16,KCHI
SHGA250923,18365.2,1.54,MAL
SHGA250923,18367.36,0.34,KCHI
SHGA250923,18367.98,1.02,MAL
SHGA250923,18370.18,0.8,MAL
SHGA250923,18371.42,1.16,MAL
SHGA250923,18374.54,2.18,MAL
SHGA250923,18377.86,3.54,MAL
SHGA250923,18395.24,0.32,KCHI
SHGA250923,18403.6,0.52,FEM
SHGA250923,18412.3,1.36,FEM
SHGA250923,18429.34,0.84,KCHI
SHGA250923,18430.26,0.2,FEM
SHGA250923,18430.44,0.26,KCHI
SHGA250923,18430.56,0.68,FEM
SHGA250923,18431.22,0.3,KCHI
SHGA250923,18431.38,0.18,FEM
SHGA250923,18431.74,1.42,KCHI
SHGA250923,18433.4,0.14,KCHI
SHGA250923,18434.02,1.14,FEM
SHGA250923,18442.14,1.18,KCHI
SHGA250923,18443.76,0.22,FEM
SHGA250923,18447.6,0.92,MAL
SHGA250923,18451.42,1.42,MAL
SHGA250923,18453.28,1.66,FEM
SHGA250923,18457.2,1.16,FEM
SHGA250923,18458.62,2.8,MAL
SHGA250923,18466.72,3.34,MAL
SHGA250923,18474.3,1.98,FEM
SHGA250923,18476.38,2.08,FEM
SHGA250923,18478.86,2.24,MAL
SHGA250923,18481.36,1.22,FEM
SHGA250923,18482.98,0.3,KCHI
SHGA250923,18483.66,1.32,FEM
SHGA250923,18485.66,3.86,MAL
SHGA250923,18489.66,2.38,KCHI
SHGA250923,18492.06,1.54,FEM
SHGA250923,18494.92,1.14,FEM
SHGA250923,18496.9,0.96,FEM
SHGA250923,18498.7,0.82,FEM
SHGA250923,18501.06,2.22,FEM
SHGA250923,18506.0,1.0,FEM
SHGA250923,18511.74,0.22,KCHI
SHGA250923,18517.3,0.18,OCH
SHGA250923,18518.06,0.32,OCH
SHGA250923,18518.94,0.4,KCHI
SHGA250923,18526.66,0.26,KCHI
SHGA250923,18526.9,0.84,FEM
SHGA250923,18527.74,0.52,KCHI
SHGA250923,18528.38,1.78,FEM
SHGA250923,18530.88,1.48,KCHI
SHGA250923,18532.36,0.38,FEM
SHGA250923,18533.68,0.68,FEM
SHGA250923,18535.14,1.86,FEM
SHGA250923,18537.44,4.76,FEM
SHGA250923,18542.52,3.64,FEM
SHGA250923,18546.38,0.88,FEM
SHGA250923,18547.22,0.4,MAL
SHGA250923,18548.42,1.72,FEM
SHGA250923,18556.24,0.72,KCHI
SHGA250923,18557.58,0.78,FEM
SHGA250923,18558.1,2.46,KCHI
SHGA250923,18559.4,3.18,FEM
SHGA250923,18562.64,3.54,KCHI
SHGA250923,18566.9,3.58,FEM
SHGA250923,18572.04,2.62,KCHI
SHGA250923,18572.34,0.16,MAL
SHGA250923,18574.66,3.98,FEM
SHGA250923,18582.62,0.6,KCHI
SHGA250923,18585.8,0.78,OCH
SHGA250923,18590.58,0.56,OCH
SHGA250923,18591.26,1.62,KCHI
SHGA250923,18593.38,0.32,KCHI
SHGA250923,18593.94,0.62,KCHI
SHGA250923,18594.82,0.9,KCHI
SHGA250923,18595.6,1.32,FEM
SHGA250923,18597.08,9.42,FEM
SHGA250923,18600.92,0.56,KCHI
SHGA250923,18601.96,1.02,KCHI
SHGA250923,18603.52,1.04,KCHI
SHGA250923,18605.08,0.98,KCHI
SHGA250923,18607.68,1.94,FEM
SHGA250923,18609.82,1.56,FEM
SHGA250923,18610.48,2.74,OCH
SHGA250923,18613.2,0.86,FEM
SHGA250923,18615.48,0.82,FEM
SHGA250923,18618.04,0.88,KCHI
SHGA250923,18619.4,0.64,KCHI
SHGA250923,18620.08,8.22,FEM
SHGA250923,18629.46,0.72,FEM
SHGA250923,18629.54,1.64,KCHI
SHGA250923,18631.42,4.2,FEM
SHGA250923,18634.36,1.26,KCHI
SHGA250923,18636.08,2.8,FEM
SHGA250923,18637.56,0.78,KCHI
SHGA250923,18639.26,0.7,KCHI
SHGA250923,18639.58,1.34,FEM
SHGA250923,18642.52,1.28,KCHI
SHGA250923,18645.2,2.5,FEM
SHGA250923,18647.7,0.72,MAL
SHGA250923,18648.76,2.0,FEM
SHGA250923,18649.6,0.68,KCHI
SHGA250923,18651.48,0.66,KCHI
SHGA250923,18651.5,1.4,FEM
SHGA250923,18652.5,1.52,MAL
SHGA250923,18654.04,1.36,KCHI
SHGA250923,18654.26,2.66,FEM
SHGA250923,18661.42,0.8,KCHI
SHGA250923,18663.02,2.34,FEM
SHGA250923,18666.76,3.04,FEM
SHGA250923,18670.38,3.08,FEM
SHGA250923,18686.1,0.72,FEM
SHGA250923,18688.26,1.46,MAL
SHGA250923,18690.08,0.98,KCHI
SHGA250923,18692.32,0.84,KCHI
SHGA250923,18701.46,1.32,MAL
SHGA250923,18702.8,0.38,KCHI
SHGA250923,18702.94,0.48,MAL
SHGA250923,18703.54,1.44,MAL
SHGA250923,18705.34,2.78,MAL
SHGA250923,18707.2,0.26,FEM
SHGA250923,18707.72,1.02,FEM
SHGA250923,18708.92,0.6,MAL
SHGA250923,18709.98,2.18,KCHI
SHGA250923,18709.98,2.44,FEM
SHGA250923,18720.2,1.44,KCHI
SHGA250923,18721.98,1.3,KCHI
SHGA250923,18725.9,0.8,MAL
SHGA250923,18725.9,0.84,FEM
SHGA250923,18730.74,1.48,FEM
SHGA250923,18731.0,0.38,MAL
SHGA250923,18735.44,2.24,KCHI
SHGA250923,18737.32,0.44,FEM
SHGA250923,18742.16,3.26,FEM
SHGA250923,18745.8,1.28,MAL
SHGA250923,18747.06,3.24,FEM
SHGA250923,18749.8,0.8,MAL
SHGA250923,18751.06,0.68,KCHI
SHGA250923,18752.02,0.48,OCH
SHGA250923,18752.1,1.7,FEM
SHGA250923,18752.62,1.14,KCHI
SHGA250923,18755.02,0.44,MAL
SHGA250923,18755.6,0.46,FEM
SHGA250923,18755.68,0.64,MAL
SHGA250923,18756.32,0.34,FEM
SHGA250923,18756.74,0.7,MAL
SHGA250923,18757.66,1.32,KCHI
SHGA250923,18758.82,0.84,FEM
SHGA250923,18759.46,1.42,KCHI
SHGA250923,18760.94,0.78,FEM
SHGA250923,18761.72,0.4,OCH
SHGA250923,18762.54,2.12,MAL
SHGA250923,18764.3,1.22,OCH
SHGA250923,18765.42,0.62,KCHI
SHGA250923,18767.08,0.42,KCHI
SHGA250923,18768.06,0.22,KCHI
SHGA250923,18770.38,0.46,KCHI
SHGA250923,18770.78,1.02,FEM
SHGA250923,18772.32,2.1,FEM
SHGA250923,18780.82,2.64,FEM
SHGA250923,18783.0,1.44,KCHI
SHGA250923,18784.68,2.5,FEM
SHGA250923,18787.62,1.16,FEM
SHGA250923,18789.78,0.7,KCHI
SHGA250923,18792.26,1.6,MAL
SHGA250923,18793.74,0.66,KCHI
SHGA250923,18794.38,1.04,MAL
SHGA250923,18796.22,1.32,FEM
SHGA250923,18800.18,2.74,FEM
SHGA250923,18804.76,3.4,FEM
SHGA250923,18808.76,0.34,FEM
SHGA250923,18809.24,0.24,FEM
SHGA250923,18812.38,0.3,FEM
SHGA250923,18815.84,1.46,FEM
SHGA250923,18817.88,0.68,MAL
SHGA250923,18818.78,1.48,FEM
SHGA250923,18822.74,0.8,MAL
SHGA250923,18827.48,3.04,FEM
SHGA250923,18830.62,2.74,MAL
SHGA250923,18833.9,1.64,KCHI
SHGA250923,18835.66,1.68,FEM
SHGA250923,18836.64,1.48,KCHI
SHGA250923,18838.88,2.44,FEM
SHGA250923,18843.32,1.38,MAL
SHGA250923,18846.16,0.46,KCHI
SHGA250923,18852.1,0.52,KCHI
SHGA250923,18854.12,1.24,KCHI
SHGA250923,18859.26,5.94,FEM
SHGA250923,18865.5,1.08,FEM
SHGA250923,18867.48,1.64,FEM
SHGA250923,18873.16,0.66,KCHI
SHGA250923,18877.16,1.28,FEM
SHGA250923,18878.84,1.44,FEM
SHGA250923,18880.6,0.52,FEM
SHGA250923,18881.12,0.82,OCH
SHGA250923,18891.36,1.7,OCH
SHGA250923,18894.9,0.5,OCH
SHGA250923,18905.0,2.9,FEM
SHGA250923,18908.14,0.84,FEM
SHGA250923,18909.4,2.26,FEM
SHGA250923,18914.28,0.62,FEM
SHGA250923,18917.42,1.02,FEM
SHGA250923,18923.0,0.5,KCHI
SHGA250923,18925.38,0.3,KCHI
SHGA250923,18926.92,0.52,KCHI
SHGA250923,18927.56,1.04,FEM
SHGA250923,18929.14,1.82,FEM
SHGA250923,18930.96,1.32,KCHI
SHGA250923,18932.26,0.6,FEM
SHGA250923,18934.02,0.5,KCHI
SHGA250923,18939.4,0.62,MAL
SHGA250923,18940.06,0.46,FEM
SHGA250923,18940.82,0.78,MAL
SHGA250923,18944.06,0.98,MAL
SHGA250923,18947.28,0.26,KCHI
SHGA250923,18947.54,2.54,MAL
SHGA250923,18951.4,1.36,FEM
SHGA250923,18952.76,0.32,OCH
SHGA250923,18953.1,2.3,MAL
SHGA250923,18955.56,1.3,MAL
SHGA250923,18964.7,0.76,OCH
SHGA250923,18965.86,0.42,OCH
SHGA250923,18966.28,1.44,MAL
SHGA250923,18968.12,0.56,MAL
SHGA250923,18968.94,0.26,MAL
SHGA250923,18970.5,0.34,MAL
SHGA250923,18971.54,1.12,MAL
SHGA250923,18981.74,1.26,MAL
SHGA250923,18983.54,0.7,MAL
SHGA250923,18988.58,0.76,MAL
SHGA250923,18991.9,2.28,MAL
SHGA250923,18994.24,0.46,KCHI
SHGA250923,18996.78,1.08,MAL
SHGA250923,19009.24,2.44,MAL
SHGA250923,19012.46,1.14,FEM
SHGA250923,19013.96,2.48,FEM
SHGA250923,19022.26,1.26,MAL
SHGA250923,19023.26,1.54,FEM
SHGA250923,19025.46,0.96,FEM
SHGA250923,19026.5,0.42,MAL
SHGA250923,19027.1,0.98,FEM
SHGA250923,19031.82,2.6,FEM
SHGA250923,19035.3,0.52,FEM
SHGA250923,19036.48,0.96,MAL
SHGA250923,19040.32,0.16,FEM
SHGA250923,19040.6,1.36,OCH
SHGA250923,19049.6,1.26,MAL
SHGA250923,19061.34,1.54,MAL
SHGA250923,19063.9,2.76,MAL
SHGA250923,19067.84,4.12,MAL
SHGA250923,19072.3,1.88,MAL
SHGA250923,19074.22,0.8,OCH
SHGA250923,19077.1,3.02,FEM
SHGA250923,19080.12,1.92,OCH
SHGA250923,19082.58,0.98,MAL
SHGA250923,19084.1,0.62,MAL
SHGA250923,19085.9,0.62,MAL
SHGA250923,19088.08,1.12,FEM
SHGA250923,19091.44,0.62,KCHI
SHGA250923,19092.06,0.84,MAL
SHGA250923,19093.66,1.52,MAL
SHGA250923,19097.68,1.68,FEM
SHGA250923,19101.3,1.92,OCH
SHGA250923,19104.4,0.6,FEM
SHGA250923,19105.16,2.82,FEM
SHGA250923,19110.22,2.64,MAL
SHGA250923,19113.92,2.66,FEM
SHGA250923,19119.18,0.74,FEM
SHGA250923,19124.24,0.3,KCHI
SHGA250923,19126.26,2.0,FEM
SHGA250923,19130.1,1.1,MAL
SHGA250923,19131.24,1.96,FEM
SHGA250923,19134.52,1.32,FEM
SHGA250923,19139.82,0.16,FEM
SHGA250923,19140.92,0.34,FEM
SHGA250923,19144.18,4.26,FEM
SHGA250923,19152.72,2.34,MAL
SHGA250923,19156.26,2.9,OCH
SHGA250923,19159.14,1.14,FEM
SHGA250923,19161.0,1.06,OCH
SHGA250923,19162.62,1.08,FEM
SHGA250923,19163.0,0.68,OCH
SHGA250923,19166.9,4.7,FEM
SHGA250923,19172.16,0.8,MAL
SHGA250923,19172.52,0.24,FEM
SHGA250923,19172.92,2.72,FEM
SHGA250923,19180.06,0.88,KCHI
SHGA250923,19182.14,1.28,FEM
SHGA250923,19183.5,0.14,KCHI
SHGA250923,19184.4,0.8,KCHI
SHGA250923,19185.38,1.36,FEM
SHGA250923,19186.74,1.62,KCHI
SHGA250923,19188.44,0.36,MAL
SHGA250923,19189.48,1.58,MAL
SHGA250923,19192.76,0.58,KCHI
SHGA250923,19194.2,0.44,KCHI
SHGA250923,19194.56,1.02,FEM
SHGA250923,19195.54,0.9,OCH
SHGA250923,19196.46,4.42,FEM
SHGA250923,19200.5,0.34,KCHI
SHGA250923,19201.52,0.42,KCHI
SHGA250923,19202.42,0.3,KCHI
SHGA250923,19203.04,0.5,KCHI
SHGA250923,19205.5,0.82,MAL
SHGA250923,19206.88,0.56,KCHI
SHGA250923,19209.08,0.5,KCHI
SHGA250923,19209.62,1.8,MAL
SHGA250923,19213.72,1.72,FEM
SHGA250923,19215.78,1.7,KCHI
SHGA250923,19215.86,1.56,FEM
SHGA250923,19217.7,0.56,MAL
SHGA250923,19218.42,0.44,MAL
SHGA250923,19219.26,0.16,MAL
SHGA250923,19220.0,0.78,FEM
SHGA250923,19221.48,0.3,MAL
SHGA250923,19222.52,0.64,KCHI
SHGA250923,19223.12,0.28,FEM
SHGA250923,19223.4,1.0,OCH
SHGA250923,19225.44,1.24,FEM
SHGA250923,19227.74,1.34,KCHI
SHGA250923,19229.2,1.4,OCH
SHGA250923,19231.08,1.58,OCH
SHGA250923,19233.0,0.64,FEM
SHGA250923,19234.86,0.48,OCH
SHGA250923,19235.34,1.26,FEM
SHGA250923,19242.12,1.18,FEM
SHGA250923,19243.44,2.24,MAL
SHGA250923,19245.62,1.66,OCH
SHGA250923,19248.64,1.12,MAL
SHGA250923,19250.3,0.96,OCH
SHGA250923,19259.54,1.18,FEM
SHGA250923,19259.6,0.82,OCH
SHGA250923,19260.92,1.38,FEM
SHGA250923,19261.16,0.54,KCHI
SHGA250923,19263.06,0.14,FEM
SHGA250923,19263.2,0.46,KCHI
SHGA250923,19263.92,0.58,MAL
SHGA250923,19265.58,0.42,MAL
SHGA250923,19270.24,0.92,FEM
SHGA250923,19275.14,0.48,FEM
SHGA250923,19277.62,0.48,FEM
SHGA250923,19283.1,1.28,FEM
SHGA250923,19286.22,0.24,FEM
SHGA250923,19291.8,1.14,FEM
SHGA250923,19293.64,0.32,FEM
SHGA250923,19295.6,0.16,MAL
SHGA250923,19302.76,0.14,OCH
SHGA250923,19303.0,2.08,FEM
SHGA250923,19308.9,1.48,FEM
SHGA250923,19312.6,1.06,MAL
SHGA250923,19319.94,1.96,KCHI
SHGA250923,19336.88,0.52,FEM
SHGA250923,19359.16,0.3,FEM
SHGA250923,19369.52,1.52,FEM
SHGA250923,19372.22,0.7,MAL
SHGA250923,19373.34,1.76,MAL
SHGA250923,19375.42,1.54,MAL
SHGA250923,19378.62,0.68,FEM
SHGA250923,19378.62,2.74,KCHI
SHGA250923,19381.98,2.12,FEM
SHGA250923,19385.08,1.5,FEM
SHGA250923,19388.68,2.58,FEM
SHGA250923,19406.48,0.18,KCHI
SHGA250923,19408.52,0.84,FEM
SHGA250923,19410.46,1.8,KCHI
SHGA250923,19413.26,0.12,FEM
SHGA250923,19413.48,0.2,FEM
SHGA250923,19414.44,2.02,KCHI
SHGA250923,19416.68,1.74,FEM
SHGA250923,19417.86,1.9,KCHI
SHGA250923,19423.04,0.4,KCHI
SHGA250923,19424.68,1.32,FEM
SHGA250923,19426.8,0.26,MAL
SHGA250923,19430.36,1.0,FEM
SHGA250923,19437.88,0.16,FEM
SHGA250923,19446.28,1.58,KCHI
SHGA250923,19448.32,0.7,MAL
SHGA250923,19450.26,0.44,FEM
SHGA250923,19450.48,1.04,KCHI
SHGA250923,19454.24,2.0,MAL
SHGA250923,19478.12,2.32,KCHI
SHGA250923,19480.4,1.4,FEM
SHGA250923,19484.74,1.34,FEM
SHGA250923,19486.08,0.42,KCHI
SHGA250923,19486.74,0.64,MAL
SHGA250923,19487.96,0.8,FEM
SHGA250923,19491.24,2.28,FEM
SHGA250923,19493.18,0.34,MAL
SHGA250923,19494.06,0.16,FEM
SHGA250923,19494.74,1.66,FEM
SHGA250923,19502.82,0.86,KCHI
SHGA250923,19503.7,0.9,FEM
SHGA250923,19503.96,0.2,MAL
SHGA250923,19504.3,0.6,MAL
SHGA250923,19513.3,0.6,FEM
SHGA250923,19513.94,0.44,MAL
SHGA250923,19518.1,0.96,MAL
SHGA250923,19520.86,1.02,MAL
SHGA250923,19521.9,0.94,FEM
SHGA250923,19525.88,1.82,KCHI
SHGA250923,19528.06,1.8,FEM
SHGA250923,19532.54,0.32,FEM
SHGA250923,19532.86,0.64,MAL
SHGA250923,19533.84,0.64,OCH
SHGA250923,19534.24,0.7,MAL
SHGA250923,19534.8,0.58,OCH
SHGA250923,19535.92,0.2,OCH
SHGA250923,19536.14,0.76,MAL
SHGA250923,19536.76,0.8,OCH
SHGA250923,19539.08,2.28,FEM
SHGA250923,19542.68,0.36,FEM
SHGA250923,19545.78,0.22,FEM
SHGA250923,19546.22,0.98,MAL
SHGA250923,19566.88,0.94,MAL
SHGA250923,19569.04,0.9,MAL
SHGA250923,19571.28,0.92,MAL
SHGA250923,19572.34,0.18,MAL
SHGA250923,19574.98,2.34,KCHI
SHGA250923,19577.62,0.56,KCHI
SHGA250923,19589.6,0.94,KCHI
SHGA250923,19589.78,1.78,FEM
SHGA250923,19591.24,0.74,KCHI
SHGA250923,19593.54,0.7,KCHI
SHGA250923,19601.5,0.6,FEM
SHGA250923,19603.02,1.06,FEM
SHGA250923,19606.16,1.42,FEM
SHGA250923,19631.7,0.66,MAL
SHGA250923,19645.92,0.38,KCHI
SHGA250923,19651.76,1.38,MAL
SHGA250923,19654.46,0.96,MAL
SHGA250923,19669.64,0.16,KCHI
SHGA250923,19670.0,0.22,KCHI
SHGA250923,19672.08,0.88,MAL
SHGA250923,19675.2,0.5,FEM
SHGA250923,19675.52,0.38,MAL
SHGA250923,19676.08,0.88,KCHI
SHGA250923,19677.12,0.12,KCHI
SHGA250923,19677.36,0.5,MAL
SHGA250923,19679.1,1.46,MAL
SHGA250923,19682.1,0.66,MAL
SHGA250923,19682.76,2.28,KCHI
SHGA250923,19685.08,1.02,MAL
SHGA250923,19687.14,1.26,FEM
SHGA250923,19689.06,1.84,FEM
SHGA250923,19691.5,0.86,KCHI
SHGA250923,19693.1,0.4,FEM
SHGA250923,19693.88,0.5,OCH
SHGA250923,19694.5,2.06,FEM
SHGA250923,19695.42,0.32,OCH
SHGA250923,19695.84,1.12,OCH
SHGA250923,19704.98,1.56,FEM
SHGA250923,19708.96,0.38,KCHI
SHGA250923,19716.92,2.14,KCHI
SHGA250923,19719.44,0.74,KCHI
SHGA250923,19733.56,0.4,KCHI
SHGA250923,19734.12,3.76,FEM
SHGA250923,19735.32,0.4,KCHI
SHGA250923,19738.2,2.18,FEM
SHGA250923,19740.96,0.62,MAL
SHGA250923,19741.14,4.94,FEM
SHGA250923,19747.02,1.12,FEM
SHGA250923,19748.4,3.36,FEM
SHGA250923,19751.98,2.72,FEM
SHGA250923,19756.42,3.2,FEM
SHGA250923,19764.0,4.5,FEM
SHGA250923,19772.26,0.38,MAL
SHGA250923,19776.24,4.08,FEM
SHGA250923,19780.6,1.42,KCHI
SHGA250923,19784.58,2.64,FEM
SHGA250923,19788.56,0.74,FEM
SHGA250923,19792.54,1.3,FEM
SHGA250923,19794.2,2.32,FEM
SHGA250923,19802.66,1.3,FEM
SHGA250923,19805.14,1.08,FEM
SHGA250923,19812.44,2.7,FEM
SHGA250923,19821.32,1.6,FEM
SHGA250923,19825.04,0.4,KCHI
SHGA250923,19825.54,0.76,MAL
SHGA250923,19826.32,0.88,KCHI
SHGA250923,19827.58,1.64,MAL
SHGA250923,19828.36,3.6,FEM
SHGA250923,19831.5,0.92,KCHI
SHGA250923,19832.34,1.88,FEM
SHGA250923,19834.16,0.62,KCHI
SHGA250923,19835.46,5.7,FEM
SHGA250923,19837.44,0.22,KCHI
SHGA250923,19840.94,1.7,KCHI
SHGA250923,19843.72,1.36,KCHI
SHGA250923,19850.24,2.0,FEM
SHGA250923,19852.88,1.86,FEM
SHGA250923,19855.2,0.58,KCHI
SHGA250923,19855.2,1.02,FEM
SHGA250923,19856.16,1.28,MAL
SHGA250923,19859.02,3.16,FEM
SHGA250923,19860.52,0.78,KCHI
SHGA250923,19866.96,1.08,KCHI
SHGA250923,19868.82,1.66,KCHI
SHGA250923,19877.48,2.56,FEM
SHGA250923,19885.08,3.7,FEM
SHGA250923,19886.28,0.96,KCHI
SHGA250923,19888.06,2.4,KCHI
SHGA250923,19889.14,2.4,FEM
SHGA250923,19891.6,1.42,KCHI
SHGA250923,19893.14,2.32,MAL
SHGA250923,19895.48,0.84,KCHI
SHGA250923,19896.34,2.62,FEM
SHGA250923,19897.86,1.88,KCHI
SHGA250923,19899.12,3.48,FEM
SHGA250923,19904.76,2.76,KCHI
SHGA250923,19917.04,0.12,FEM
SHGA250923,19919.52,1.18,FEM
SHGA250923,19920.7,1.24,MAL
SHGA250923,19922.08,0.88,FEM
SHGA250923,19922.66,0.82,OCH
SHGA250923,19924.54,1.08,FEM
SHGA250923,19927.86,0.2,FEM
SHGA250923,19929.48,2.36,KCHI
SHGA250923,19934.94,3.72,FEM
SHGA250923,19947.54,4.2,FEM
SHGA250923,19951.74,0.86,KCHI
SHGA250923,19954.46,3.2,FEM
SHGA250923,19962.46,1.22,FEM
SHGA250923,19965.72,1.84,FEM
SHGA250923,19967.72,0.48,FEM
SHGA250923,19970.8,0.84,FEM
SHGA250923,19974.86,0.56,FEM
SHGA250923,19981.86,1.48,FEM
SHGA250923,19983.8,1.22,FEM
SHGA250923,19985.4,0.7,FEM
SHGA250923,19986.34,0.12,FEM
SHGA250923,19986.56,0.96,FEM
SHGA250923,19988.38,0.14,FEM
SHGA250923,19988.66,0.12,FEM
SHGA250923,19995.3,0.2,MAL
SHGA250923,19996.22,0.32,MAL
SHGA250923,19996.66,0.22,MAL
SHGA250923,19997.64,0.96,MAL
SHGA250923,20007.46,0.52,FEM
SHGA250923,20008.3,3.14,FEM
SHGA250923,20015.42,3.98,OCH
SHGA250923,20016.02,0.88,FEM
SHGA250923,20023.38,0.6,KCHI
SHGA250923,20023.84,2.88,FEM
SHGA250923,20024.26,0.42,KCHI
SHGA250923,20026.18,3.42,KCHI
SHGA250923,20027.42,1.06,FEM
SHGA250923,20030.56,0.98,FEM
SHGA250923,20046.52,0.74,MAL
SHGA250923,20055.36,1.1,MAL
SHGA250923,20057.06,0.38,FEM
SHGA250923,20057.7,0.36,MAL
SHGA250923,20058.5,0.62,KCHI
SHGA250923,20063.18,0.3,KCHI
SHGA250923,20063.18,0.32,FEM
SHGA250923,20065.42,1.54,FEM
SHGA250923,20069.66,0.28,MAL
SHGA250923,20073.16,1.24,FEM
SHGA250923,20077.0,0.14,FEM
SHGA250923,20079.1,1.64,MAL
SHGA250923,20081.06,3.12,FEM
SHGA250923,20084.68,3.98,FEM
SHGA250923,20091.04,0.18,FEM
SHGA250923,20091.14,1.06,KCHI
SHGA250923,20092.14,3.74,FEM
SHGA250923,20098.82,0.18,FEM
SHGA250923,20103.86,1.26,FEM
SHGA250923,20104.88,1.36,MAL
SHGA250923,20105.7,1.26,FEM
SHGA250923,20124.02,0.94,KCHI
SHGA250923,20129.24,0.6,FEM
SHGA250923,20129.98,0.2,FEM
SHGA250923,20136.52,0.84,MAL
SHGA250923,20138.8,0.44,MAL
SHGA250923,20139.42,0.42,KCHI
SHGA250923,20141.82,0.6,KCHI
SHGA250923,20142.78,1.9,KCHI
SHGA250923,20150.74,2.04,FEM
SHGA250923,20162.0,0.38,MAL
SHGA250923,20169.06,0.64,MAL
SHGA250923,20171.96,2.66,OCH
SHGA250923,20172.22,0.16,KCHI
SHGA250923,20173.74,0.14,KCHI
SHGA250923,20174.86,0.64,KCHI
SHGA250923,20179.64,0.56,MAL
SHGA250923,20180.46,0.56,MAL
SHGA250923,20180.9,1.56,OCH
SHGA250923,20184.42,1.02,MAL
SHGA250923,20185.96,0.48,MAL
SHGA250923,20191.6,0.12,MAL
SHGA250923,20195.72,0.92,FEM
SHGA250923,20196.72,1.38,KCHI
SHGA250923,20198.24,2.78,FEM
SHGA250923,20198.4,0.92,MAL
SHGA250923,20200.78,0.12,MAL
SHGA250923,20200.92,1.56,OCH
SHGA250923,20201.5,0.4,MAL
SHGA250923,20203.6,2.66,MAL
SHGA250923,20208.04,3.84,MAL
SHGA250923,20210.44,0.62,OCH
SHGA250923,20211.16,0.2,OCH
SHGA250923,20211.64,2.38,OCH
SHGA250923,20213.12,0.32,FEM
SHGA250923,20213.54,0.12,FEM
SHGA250923,20215.06,1.62,MAL
SHGA250923,20217.86,0.28,MAL
SHGA250923,20218.78,0.28,MAL
SHGA250923,20220.6,0.5,MAL
SHGA250923,20222.46,0.68,OCH
SHGA250923,20223.06,0.26,MAL
SHGA250923,20223.34,0.3,OCH
SHGA250923,20224.48,0.3,MAL
SHGA250923,20225.44,0.76,MAL
SHGA250923,20226.98,0.82,MAL
SHGA250923,20227.9,0.42,OCH
SHGA250923,20228.66,1.18,OCH
SHGA250923,20232.52,0.48,KCHI
SHGA250923,20234.32,3.98,OCH
SHGA250923,20234.94,0.12,MAL
SHGA250923,20235.2,0.36,MAL
SHGA250923,20238.3,2.46,KCHI
SHGA250923,20240.68,1.6,FEM
SHGA250923,20245.28,0.26,FEM
SHGA250923,20246.36,2.22,FEM
SHGA250923,20248.46,3.22,OCH
SHGA250923,20251.62,0.96,KCHI
SHGA250923,20252.76,1.46,OCH
SHGA250923,20255.44,0.36,MAL
SHGA250923,20256.76,0.48,MAL
SHGA250923,20258.2,3.98,OCH
SHGA250923,20259.96,2.0,FEM
SHGA250923,20274.12,3.98,OCH
SHGA250923,20278.82,0.28,OCH
SHGA250923,20279.48,0.46,OCH
SHGA250923,20280.26,1.24,OCH
SHGA250923,20281.8,1.18,MAL
SHGA250923,20288.64,2.8,MAL
SHGA250923,20291.44,2.18,FEM
SHGA250923,20305.96,0.5,KCHI
SHGA250923,20307.82,2.12,FEM
SHGA250923,20312.8,0.12,MAL
SHGA250923,20313.92,0.64,FEM
SHGA250923,20315.1,0.86,OCH
SHGA250923,20316.02,0.1,MAL
SHGA250923,20316.3,1.6,MAL
SHGA250923,20322.66,1.0,KCHI
SHGA250923,20325.86,3.98,OCH
SHGA250923,20330.38,4.9,FEM
SHGA250923,20335.88,0.94,FEM
SHGA250923,20337.8,1.6,OCH
SHGA250923,20340.12,0.4,MAL
SHGA250923,20341.0,2.02,FEM
SHGA250923,20345.94,1.14,KCHI
SHGA250923,20352.08,1.0,FEM
SHGA250923,20354.1,3.42,FEM
SHGA250923,20358.58,0.22,KCHI
SHGA250923,20361.68,0.78,FEM
SHGA250923,20362.56,0.4,FEM
SHGA250923,20374.14,0.72,FEM
SHGA250923,20377.26,0.32,FEM
SHGA250923,20380.1,1.48,FEM
SHGA250923,20384.94,1.72,FEM
SHGA250923,20389.54,2.42,FEM
SHGA250923,20396.72,1.08,FEM
SHGA250923,20398.14,1.54,FEM
SHGA250923,20405.46,1.02,FEM
SHGA250923,20413.8,1.88,FEM
SHGA250923,20417.4,3.98,OCH
SHGA250923,20417.56,1.58,FEM
SHGA250923,20429.34,3.52,OCH
SHGA250923,20432.94,0.38,FEM
SHGA250923,20433.32,2.6,OCH
SHGA250923,20433.62,0.4,FEM
SHGA250923,20435.82,2.28,FEM
SHGA250923,20439.94,0.36,KCHI
SHGA250923,20440.38,2.42,FEM
SHGA250923,20444.76,0.36,KCHI
SHGA250923,20445.26,1.44,KCHI
SHGA250923,20446.66,1.96,OCH
SHGA250923,20448.6,0.44,KCHI
SHGA250923,20449.0,0.24,OCH
SHGA250923,20450.88,2.34,FEM
SHGA250923,20453.22,0.34,MAL
SHGA250923,20454.08,0.84,KCHI
SHGA250923,20456.02,0.42,MAL
SHGA250923,20457.8,1.04,KCHI
SHGA250923,20459.1,1.92,OCH
SHGA250923,20465.16,3.98,OCH
SHGA250923,20473.12,3.98,OCH
SHGA250923,20478.54,2.54,OCH
SHGA250923,20495.4,1.32,FEM
SHGA250923,20516.9,2.14,KCHI
SHGA250923,20519.72,1.08,FEM
SHGA250923,20522.3,0.54,KCHI
SHGA250923,20524.86,0.28,FEM
SHGA250923,20528.48,0.36,KCHI
SHGA250923,20532.82,0.76,KCHI
SHGA250923,20536.8,1.4,KCHI
SHGA250923,20540.32,0.46,KCHI
SHGA250923,20548.74,1.64,OCH
SHGA250923,20560.68,0.92,KCHI
SHGA250923,20563.16,1.0,KCHI
SHGA250923,20564.88,1.36,KCHI
SHGA250923,20575.66,3.74,KCHI
SHGA250923,20580.58,0.84,KCHI
SHGA250923,20582.02,1.82,MAL
SHGA250923,20590.78,1.74,OCH
SHGA250923,20592.54,2.78,FEM
SHGA250923,20595.76,1.42,FEM
SHGA250923,20597.34,0.68,KCHI
SHGA250923,20598.44,1.06,FEM
SHGA250923,20599.6,3.68,KCHI
SHGA250923,20601.32,0.12,OCH
SHGA250923,20601.56,2.2,OCH
SHGA250923,20624.08,0.28,KCHI
SHGA250923,20624.36,1.8,OCH
SHGA250923,20629.54,1.28,FEM
SHGA250923,20638.26,1.46,FEM
SHGA250923,20640.58,0.82,KCHI
SHGA250923,20641.64,1.6,KCHI
SHGA250923,20643.3,0.96,FEM
SHGA250923,20644.26,0.58,KCHI
SHGA250923,20645.42,0.86,KCHI
SHGA250923,20645.76,2.48,FEM
SHGA250923,20649.38,0.54,KCHI
SHGA250923,20651.32,0.78,KCHI
SHGA250923,20652.3,1.36,KCHI
SHGA250923,20654.7,0.42,KCHI
SHGA250923,20655.44,0.66,KCHI
SHGA250923,20664.5,0.56,KCHI
SHGA250923,20665.62,1.96,KCHI
SHGA250923,20667.36,1.76,FEM
SHGA250923,20669.06,0.54,KCHI
SHGA250923,20669.76,0.48,KCHI
SHGA250923,20671.08,0.7,KCHI
SHGA250923,20674.1,0.42,KCHI
SHGA250923,20674.42,1.22,FEM
SHGA250923,20675.06,0.44,KCHI
SHGA250923,20675.8,0.7,KCHI
SHGA250923,20676.92,0.6,KCHI
SHGA250923,20677.54,0.32,MAL
SHGA250923,20677.92,1.22,KCHI
SHGA250923,20680.62,1.28,KCHI
SHGA250923,20681.9,1.24,OCH
SHGA250923,20682.14,0.98,FEM
SHGA250923,20683.38,0.62,KCHI
SHGA250923,20684.18,1.24,FEM
SHGA250923,20685.46,0.58,KCHI
SHGA250923,20686.42,1.2,FEM
SHGA250923,20687.24,0.48,KCHI
SHGA250923,20692.02,1.4,KCHI
SHGA250923,20693.56,0.24,KCHI
SHGA250923,20702.58,0.62,KCHI
SHGA250923,20705.94,3.82,FEM
SHGA250923,20706.58,0.42,KCHI
SHGA250923,20708.18,0.3,KCHI
SHGA250923,20710.22,1.28,FEM
SHGA250923,20711.48,0.38,KCHI
SHGA250923,20711.76,1.56,FEM
SHGA250923,20712.0,0.58,KCHI
SHGA250923,20713.14,0.52,KCHI
SHGA250923,20713.78,0.82,FEM
SHGA250923,20714.52,0.38,KCHI
SHGA250923,20714.8,0.64,FEM
SHGA250923,20715.64,0.66,KCHI
SHGA250923,20716.92,0.72,KCHI
SHGA250923,20717.9,1.98,FEM
SHGA250923,20720.44,0.8,KCHI
SHGA250923,20721.22,1.98,FEM
SHGA250923,20725.56,0.36,FEM
SHGA250923,20726.06,0.24,FEM
SHGA250923,20726.14,0.46,KCHI
SHGA250923,20727.7,0.74,FEM
SHGA250923,20730.56,1.26,FEM
SHGA250923,20737.54,0.6,KCHI
SHGA250923,20742.28,3.06,FEM
SHGA250923,20743.66,0.26,KCHI
SHGA250923,20745.3,0.5,KCHI
SHGA250923,20745.94,0.74,FEM
SHGA250923,20747.74,3.22,FEM
SHGA250923,20752.9,2.8,FEM
SHGA250923,20759.68,0.8,KCHI
SHGA250923,20765.8,0.82,FEM
SHGA250923,20774.4,0.46,KCHI
SHGA250923,20777.16,0.82,KCHI
SHGA250923,20779.3,0.28,FEM
SHGA250923,20781.7,0.64,KCHI
SHGA250923,20786.32,0.6,KCHI
SHGA250923,20786.98,0.56,FEM
SHGA250923,20787.72,0.46,KCHI
SHGA250923,20790.08,0.4,KCHI
SHGA250923,20791.52,0.24,FEM
SHGA250923,20794.1,0.7,KCHI
SHGA250923,20795.02,0.48,FEM
SHGA250923,20795.5,0.46,KCHI
SHGA250923,20796.74,0.76,KCHI
SHGA250923,20798.6,1.26,FEM
SHGA250923,20799.8,0.38,KCHI
SHGA250923,20800.42,0.42,FEM
SHGA250923,20802.02,0.62,KCHI
SHGA250923,20803.7,0.64,KCHI
SHGA250923,20806.02,0.38,KCHI
SHGA250923,20806.46,0.52,FEM
SHGA250923,20808.32,0.52,KCHI
SHGA250923,20811.2,0.66,KCHI
SHGA250923,20812.48,0.56,KCHI
SHGA250923,20813.6,0.7,KCHI
SHGA250923,20820.28,1.08,KCHI
SHGA250923,20827.78,0.62,FEM
SHGA250923,20828.6,1.12,KCHI
SHGA250923,20829.92,0.64,FEM
SHGA250923,20831.06,1.02,KCHI
SHGA250923,20833.46,1.12,KCHI
SHGA250923,20834.82,0.48,FEM
SHGA250923,20836.26,0.56,KCHI
SHGA250923,20838.78,0.38,KCHI
SHGA250923,20841.42,0.5,KCHI
SHGA250923,20842.2,0.78,KCHI
SHGA250923,20843.26,1.5,KCHI
SHGA250923,20844.54,0.52,OCH
SHGA250923,20845.46,0.42,KCHI
SHGA250923,20846.32,1.62,FEM
SHGA250923,20847.94,0.64,KCHI
SHGA250923,20848.32,0.76,FEM
SHGA250923,20850.24,0.98,FEM
SHGA250923,20852.0,0.38,KCHI
SHGA250923,20854.9,0.26,KCHI
SHGA250923,20856.26,0.56,KCHI
SHGA250923,20860.5,1.16,FEM
SHGA250923,20865.66,1.48,FEM
SHGA250923,20869.38,0.94,KCHI
SHGA250923,20870.38,0.48,FEM
SHGA250923,20871.7,3.36,FEM
SHGA250923,20876.06,1.28,FEM
SHGA250923,20877.08,0.7,KCHI
SHGA250923,20877.74,2.38,FEM
SHGA250923,20879.56,0.72,KCHI
SHGA250923,20880.62,0.52,KCHI
SHGA250923,20881.68,1.24,KCHI
SHGA250923,20885.4,3.06,FEM
SHGA250923,20888.46,0.3,KCHI
SHGA250923,20889.06,1.52,KCHI
SHGA250923,20891.06,0.4,FEM
SHGA250923,20891.9,0.5,KCHI
SHGA250923,20892.4,1.28,FEM
SHGA250923,20893.34,0.38,KCHI
SHGA250923,20894.48,2.42,FEM
SHGA250923,20896.14,0.88,KCHI
SHGA250923,20897.26,1.22,FEM
SHGA250923,20898.54,0.44,KCHI
SHGA250923,20901.64,2.46,FEM
SHGA250923,20904.08,0.42,KCHI
SHGA250923,20904.6,0.48,FEM
SHGA250923,20905.08,1.24,KCHI
SHGA250923,20906.38,0.3,FEM
SHGA250923,20906.94,1.9,FEM
SHGA250923,20908.82,0.52,KCHI
SHGA250923,20910.3,0.62,FEM
SHGA250923,20914.72,0.46,KCHI
SHGA250923,20915.08,0.72,FEM
SHGA250923,20915.92,0.82,KCHI
SHGA250923,20916.66,1.2,FEM
SHGA250923,20917.32,1.54,KCHI
SHGA250923,20918.56,0.32,FEM
SHGA250923,20919.36,1.02,FEM
SHGA250923,20922.12,1.6,FEM
SHGA250923,20924.0,1.2,KCHI
SHGA250923,20925.2,1.38,FEM
SHGA250923,20926.24,1.38,KCHI
SHGA250923,20927.6,1.38,FEM
SHGA250923,20929.1,1.4,KCHI
SHGA250923,20929.84,0.98,OCH
SHGA250923,20935.66,1.8,KCHI
SHGA250923,20938.78,0.68,FEM
SHGA250923,20939.04,1.86,KCHI
SHGA250923,20941.68,0.36,FEM
SHGA250923,20942.16,0.84,FEM
SHGA250923,20942.96,3.38,KCHI
SHGA250923,20947.58,0.66,FEM
SHGA250923,20948.42,3.04,KCHI
SHGA250923,20952.26,2.42,KCHI
SHGA250923,20955.98,1.76,FEM
SHGA250923,20958.68,1.46,FEM
SHGA250923,20960.44,1.56,FEM
SHGA250923,20963.24,2.4,FEM
SHGA250923,20963.28,0.84,KCHI
SHGA250923,20964.58,2.02,KCHI
SHGA250923,20966.28,0.76,FEM
SHGA250923,20967.0,1.42,KCHI
SHGA250923,20968.44,1.34,FEM
SHGA250923,20970.04,0.96,KCHI
SHGA250923,20970.98,2.1,FEM
SHGA250923,20971.5,1.56,KCHI
SHGA250923,20974.14,2.06,KCHI
SHGA250923,20975.28,1.22,FEM
SHGA250923,20976.7,0.66,KCHI
SHGA250923,20977.26,0.54,FEM
SHGA250923,20978.06,0.98,KCHI
SHGA250923,20979.2,1.84,FEM
SHGA250923,20980.92,1.02,KCHI
SHGA250923,20982.88,1.62,KCHI
SHGA250923,20984.88,2.84,KCHI
SHGA250923,20988.96,0.72,KCHI
SHGA250923,20990.6,2.46,FEM
SHGA250923,20994.1,0.4,FEM
SHGA250923,20994.92,0.22,OCH
SHGA250923,20996.1,0.68,OCH
SHGA250923,20996.84,1.24,KCHI
SHGA250923,20998.48,1.3,FEM
SHGA250923,20999.76,1.42,KCHI
SHGA250923,21001.2,0.28,FEM
SHGA250923,21002.46,1.32,KCHI
SHGA250923,21003.74,1.02,FEM
SHGA250923,21008.92,0.42,KCHI
SHGA250923,21010.9,0.56,FEM
SHGA250923,21011.9,1.28,FEM
SHGA250923,21013.74,2.28,FEM
SHGA250923,21016.82,1.54,KCHI
SHGA250923,21018.6,1.82,FEM
SHGA250923,21020.52,0.72,KCHI
SHGA250923,21020.72,0.9,FEM
SHGA250923,21021.74,0.62,FEM
SHGA250923,21022.14,0.7,KCHI
SHGA250923,21022.52,2.08,FEM
SHGA250923,21025.16,1.36,KCHI
SHGA250923,21026.52,1.52,FEM
SHGA250923,21028.44,1.64,FEM
SHGA250923,21031.24,0.56,KCHI
SHGA250923,21032.38,0.28,KCHI
SHGA250923,21033.56,1.88,FEM
SHGA250923,21035.54,0.12,KCHI
SHGA250923,21035.72,3.78,FEM
SHGA250923,21043.08,2.08,FEM
SHGA250923,21056.8,0.58,FEM
SHGA250923,21058.18,0.2,FEM
SHGA250923,21059.48,1.08,FEM
SHGA250923,21064.98,2.54,FEM
SHGA250923,21068.58,4.46,FEM
SHGA250923,21074.24,3.5,FEM
SHGA250923,21078.08,0.18,FEM
SHGA250923,21078.96,3.1,FEM
SHGA250923,21082.98,2.4,FEM
SHGA250923,21086.04,7.64,FEM
SHGA250923,21094.12,0.6,KCHI
SHGA250923,21094.78,2.18,FEM
SHGA250923,21098.12,3.84,FEM
SHGA250923,21102.72,5.86,FEM
SHGA250923,21108.78,4.88,FEM
SHGA250923,21109.92,0.2,KCHI
SHGA250923,21110.46,0.5,KCHI
SHGA250923,21112.72,0.36,KCHI
SHGA250923,21113.58,0.32,KCHI
SHGA250923,21114.1,1.66,FEM
SHGA250923,21114.9,1.56,KCHI
SHGA250923,21117.02,1.52,KCHI
SHGA250923,21119.6,0.94,KCHI
SHGA250923,21121.36,0.5,FEM
SHGA250923,21128.02,1.18,KCHI
SHGA250923,21129.28,1.94,FEM
SHGA250923,21137.04,1.74,FEM
SHGA250923,21139.68,1.26,KCHI
SHGA250923,21140.92,1.5,FEM
SHGA250923,21149.12,0.6,KCHI
SHGA250923,21152.06,0.36,KCHI
SHGA250923,21159.72,4.76,FEM
SHGA250923,21165.5,0.14,FEM
SHGA250923,21166.76,0.3,FEM
SHGA250923,21170.7,1.36,FEM
SHGA250923,21201.46,3.98,OCH
SHGA250923,21215.16,0.12,KCHI
SHGA250923,21215.4,0.18,KCHI
SHGA250923,21215.96,0.12,KCHI
SHGA250923,21264.1,1.04,KCHI
SHGA250923,21271.98,1.12,OCH
SHGA250923,21273.1,0.8,KCHI
SHGA250923,21275.1,0.26,FEM
SHGA250923,21275.94,0.6,KCHI
SHGA250923,21276.56,0.52,FEM
SHGA250923,21281.8,1.8,FEM
SHGA250923,21282.28,0.24,OCH
SHGA250923,21283.78,2.02,FEM
SHGA250923,21292.54,0.46,FEM
SHGA250923,21293.38,3.12,KCHI
SHGA250923,21297.24,0.84,KCHI
SHGA250923,21299.42,1.28,KCHI
SHGA250923,21301.44,1.04,OCH
SHGA250923,21302.18,0.64,FEM
SHGA250923,21302.3,0.86,KCHI
SHGA250923,21303.92,0.46,KCHI
SHGA250923,21304.94,1.12,FEM
SHGA250923,21308.66,1.24,FEM
SHGA250923,21310.88,0.2,FEM
SHGA250923,21311.16,0.98,KCHI
SHGA250923,21315.48,1.1,FEM
SHGA250923,21316.88,0.86,KCHI
SHGA250923,21319.46,0.46,OCH
SHGA250923,21324.84,1.5,KCHI
SHGA250923,21326.38,0.56,FEM
SHGA250923,21331.54,1.26,FEM
SHGA250923,21332.02,0.6,KCHI
SHGA250923,21338.82,0.14,KCHI
SHGA250923,21339.52,0.54,KCHI
SHGA250923,21340.3,0.38,FEM
SHGA250923,21344.74,1.9,FEM
SHGA250923,21344.74,3.98,OCH
SHGA250923,21348.72,0.3,KCHI
SHGA250923,21349.62,3.8,FEM
SHGA250923,21350.08,0.94,KCHI
SHGA250923,21351.22,1.48,KCHI
SHGA250923,21356.68,3.98,KCHI
SHGA250923,21360.66,2.08,MAL
SHGA250923,21361.06,0.28,OCH
SHGA250923,21362.2,0.46,FEM
SHGA250923,21362.9,1.74,KCHI
SHGA250923,21365.7,1.18,FEM
SHGA250923,21367.24,0.86,FEM
SHGA250923,21368.82,1.68,FEM
SHGA250923,21370.18,0.58,KCHI
SHGA250923,21370.7,1.9,FEM
SHGA250923,21373.54,1.26,FEM
SHGA250923,21399.76,0.2,KCHI
SHGA250923,21400.66,0.52,FEM
SHGA250923,21401.82,1.24,FEM
SHGA250923,21405.04,1.18,KCHI
SHGA250923,21408.98,0.44,KCHI
SHGA250923,21409.5,0.8,MAL
SHGA250923,21411.2,0.84,FEM
SHGA250923,21412.54,0.38,KCHI
SHGA250923,21412.94,0.96,MAL
SHGA250923,21414.16,2.22,MAL
SHGA250923,21422.8,1.9,KCHI
SHGA250923,21424.94,1.72,KCHI
SHGA250923,21427.18,1.14,FEM
SHGA250923,21429.1,0.68,FEM
SHGA250923,21430.86,0.9,FEM
SHGA250923,21431.94,0.18,FEM
SHGA250923,21436.28,0.86,KCHI
SHGA250923,21438.92,1.34,FEM
SHGA250923,21441.24,0.44,OCH
SHGA250923,21441.88,0.64,MAL
SHGA250923,21443.5,0.74,MAL
SHGA250923,21444.6,0.7,FEM
SHGA250923,21452.8,0.28,OCH
SHGA250923,21452.8,0.78,FEM
SHGA250923,21453.62,0.32,OCH
SHGA250923,21454.24,0.7,KCHI
SHGA250923,21462.5,1.16,OCH
SHGA250923,21464.14,0.76,FEM
SHGA250923,21465.46,8.26,OCH
SHGA250923,21470.84,1.26,FEM
SHGA250923,21472.26,2.32,MAL
SHGA250923,21474.58,1.8,OCH
SHGA250923,21475.54,0.52,MAL
SHGA250923,21478.64,0.42,MAL
SHGA250923,21479.1,0.76,OCH
SHGA250923,21480.06,1.2,FEM
SHGA250923,21482.5,0.7,FEM
SHGA250923,21484.16,1.62,FEM
SHGA250923,21485.96,0.7,FEM
SHGA250923,21487.14,1.14,FEM
SHGA250923,21489.54,1.14,KCHI
SHGA250923,21489.82,3.5,FEM
SHGA250923,21495.62,1.12,FEM
SHGA250923,21496.82,2.48,MAL
SHGA250923,21499.3,1.14,FEM
SHGA250923,21500.16,0.28,MAL
SHGA250923,21500.88,0.7,MAL
SHGA250923,21503.94,3.44,KCHI
SHGA250923,21507.92,0.88,OCH
SHGA250923,21509.36,1.18,OCH
SHGA250923,21511.78,0.12,OCH
SHGA250923,21515.88,0.96,FEM
SHGA250923,21521.64,2.2,KCHI
SHGA250923,21521.96,1.88,FEM
SHGA250923,21524.22,1.18,KCHI
SHGA250923,21527.82,1.66,FEM
SHGA250923,21527.82,1.92,KCHI
SHGA250923,21529.96,1.54,FEM
SHGA250923,21530.02,0.72,KCHI
SHGA250923,21531.66,0.14,FEM
SHGA250923,21539.76,0.28,FEM
SHGA250923,21541.26,1.58,FEM
SHGA250923,21543.38,0.18,FEM
SHGA250923,21543.74,2.7,FEM
SHGA250923,21551.7,1.1,KCHI
SHGA250923,21555.68,0.34,FEM
SHGA250923,21555.68,2.34,KCHI
SHGA250923,21556.16,3.5,FEM
SHGA250923,21558.14,0.28,KCHI
SHGA250923,21558.94,0.68,KCHI
SHGA250923,21593.04,0.78,KCHI
SHGA250923,21605.34,1.78,FEM
SHGA250923,21607.8,3.6,FEM
SHGA250923,21612.62,0.78,KCHI
SHGA250923,21613.34,3.3,FEM
SHGA250923,21619.6,1.64,FEM
SHGA250923,21621.24,0.66,KCHI
SHGA250923,21623.34,0.6,KCHI
SHGA250923,21623.9,0.82,FEM
SHGA250923,21627.38,0.62,FEM
SHGA250923,21630.92,1.56,FEM
SHGA250923,21633.06,0.54,FEM
SHGA250923,21635.28,0.96,KCHI
SHGA250923,21636.28,4.18,FEM
SHGA250923,21637.6,1.66,KCHI
SHGA250923,21642.28,1.48,FEM
SHGA250923,21671.1,3.98,OCH
SHGA250923,21671.3,0.22,MAL
SHGA250923,21679.42,0.86,KCHI
SHGA250923,21681.82,1.22,MAL
SHGA250923,21687.02,0.18,KCHI
SHGA250923,21687.02,1.92,FEM
SHGA250923,21688.02,2.44,KCHI
SHGA250923,21690.78,0.22,KCHI
SHGA250923,21694.54,0.44,KCHI
SHGA250923,21694.98,0.58,FEM
SHGA250923,21696.04,1.26,FEM
SHGA250923,21696.48,1.4,KCHI
SHGA250923,21697.48,0.22,FEM
SHGA250923,21697.82,2.06,FEM
SHGA250923,21701.94,1.0,KCHI
SHGA250923,21702.94,0.46,FEM
SHGA250923,21705.44,8.82,FEM
SHGA250923,21715.48,4.86,FEM
SHGA250923,21721.18,1.46,FEM
SHGA250923,21722.22,1.08,KCHI
SHGA250923,21725.28,1.54,OCH
SHGA250923,21725.48,1.76,FEM
SHGA250923,21728.08,2.72,FEM
SHGA250923,21732.82,0.58,FEM
SHGA250923,21733.84,0.34,FEM
SHGA250923,21734.78,3.98,FEM
SHGA250923,21738.76,1.82,OCH
SHGA250923,21742.46,1.0,FEM
SHGA250923,21747.18,1.26,FEM
SHGA250923,21754.68,0.34,FEM
SHGA250923,21756.4,0.78,OCH
SHGA250923,21757.6,0.64,FEM
SHGA250923,21757.76,0.26,OCH
SHGA250923,21759.26,0.74,OCH
SHGA250923,21759.9,0.38,FEM
SHGA250923,21763.82,2.0,OCH
SHGA250923,21766.14,1.2,OCH
SHGA250923,21770.6,1.6,OCH
SHGA250923,21773.44,1.58,KCHI
SHGA250923,21775.46,0.8,KCHI
SHGA250923,21776.64,0.28,KCHI
SHGA250923,21776.92,0.68,FEM
SHGA250923,21790.5,1.04,FEM
SHGA250923,21794.48,2.28,OCH
SHGA250923,21798.32,3.2,OCH
SHGA250923,21802.06,4.48,OCH
SHGA250923,21806.94,4.06,OCH
SHGA250923,21812.56,0.5,OCH
SHGA250923,21815.22,0.46,OCH
SHGA250923,21815.8,2.56,OCH
SHGA250923,21822.34,1.7,FEM
SHGA250923,21824.04,2.28,OCH
SHGA250923,21827.12,0.3,FEM
SHGA250923,21828.44,1.78,FEM
SHGA250923,21830.3,3.98,OCH
SHGA250923,21832.84,1.44,FEM
SHGA250923,21838.26,2.88,OCH
SHGA250923,21839.7,1.34,FEM
SHGA250923,21841.26,0.2,OCH
SHGA250923,21841.7,8.5,OCH
SHGA250923,21841.8,1.38,FEM
SHGA250923,21854.18,4.56,OCH
SHGA250923,21861.66,0.3,OCH
SHGA250923,21863.34,0.36,OCH
SHGA250923,21864.08,0.34,OCH
SHGA250923,21864.62,0.16,OCH
SHGA250923,21864.96,1.12,OCH
SHGA250923,21871.2,1.14,OCH
SHGA250923,21872.44,0.12,FEM
SHGA250923,21873.06,0.48,OCH
SHGA250923,21873.4,1.5,FEM
SHGA250923,21873.7,0.16,OCH
SHGA250923,21877.28,1.64,FEM
SHGA250923,21881.42,0.62,MAL
SHGA250923,21882.04,0.44,FEM
SHGA250923,21882.6,2.88,FEM
SHGA250923,21885.72,0.3,FEM
SHGA250923,21888.88,1.12,MAL
SHGA250923,21890.0,0.26,FEM
SHGA250923,21890.0,3.98,OCH
SHGA250923,21893.98,0.62,KCHI
SHGA250923,21896.64,0.2,KCHI
SHGA250923,21899.68,1.02,FEM
SHGA250923,21901.32,0.44,OCH
SHGA250923,21901.96,0.36,FEM
SHGA250923,21903.16,0.12,FEM
SHGA250923,21905.92,2.66,OCH
SHGA250923,21907.44,1.08,FEM
SHGA250923,21908.44,1.46,KCHI
SHGA250923,21909.72,0.18,OCH
SHGA250923,21911.94,0.92,FEM
SHGA250923,21913.88,2.22,FEM
SHGA250923,21916.46,2.16,FEM
SHGA250923,21919.74,0.66,FEM
SHGA250923,21921.36,0.48,FEM
SHGA250923,21929.22,2.22,FEM
SHGA250923,21931.78,0.64,FEM
SHGA250923,21932.36,0.36,KCHI
SHGA250923,21933.4,0.38,FEM
SHGA250923,21935.1,1.46,FEM
SHGA250923,21937.82,3.6,FEM
SHGA250923,21941.74,1.66,FEM
SHGA250923,21943.7,1.52,FEM
SHGA250923,21946.02,1.76,FEM
SHGA250923,21948.28,1.42,FEM
SHGA250923,21950.16,5.02,FEM
SHGA250923,21954.36,0.46,KCHI
SHGA250923,21955.9,0.68,KCHI
SHGA250923,21956.92,0.74,FEM
SHGA250923,21958.9,2.2,FEM
SHGA250923,21961.28,0.36,KCHI
SHGA250923,21962.54,2.54,FEM
SHGA250923,21965.24,1.78,FEM
SHGA250923,21967.78,2.08,FEM
SHGA250923,21970.82,3.38,FEM
SHGA250923,21975.04,0.84,FEM
SHGA250923,21976.86,0.7,FEM
SHGA250923,21980.94,0.6,FEM
SHGA250923,21981.54,0.3,OCH
SHGA250923,21981.8,3.3,FEM
SHGA250923,21985.6,0.88,FEM
SHGA250923,21993.48,1.66,FEM
SHGA250923,21994.48,1.0,KCHI
SHGA250923,21995.62,1.04,FEM
SHGA250923,22009.02,0.84,FEM
SHGA250923,22023.38,1.4,KCHI
SHGA250923,22025.64,0.6,KCHI
SHGA250923,22029.3,1.62,FEM
SHGA250923,22032.68,0.48,FEM
SHGA250923,22043.5,1.72,FEM
SHGA250923,22047.44,1.5,FEM
SHGA250923,22049.28,0.9,FEM
SHGA250923,22051.9,0.78,KCHI
SHGA250923,22056.64,0.52,KCHI
SHGA250923,22057.8,0.72,KCHI
SHGA250923,22069.1,0.22,FEM
SHGA250923,22081.98,0.18,FEM
SHGA250923,22082.68,0.16,FEM
SHGA250923,22085.42,0.28,FEM
SHGA250923,22086.08,0.26,FEM
SHGA250923,22088.26,0.24,FEM
SHGA250923,22090.14,0.96,FEM
SHGA250923,22091.26,1.72,FEM
SHGA250923,22096.96,3.7,FEM
SHGA250923,22101.88,2.94,FEM
SHGA250923,22105.66,1.12,FEM
SHGA250923,22111.76,0.2,FEM
SHGA250923,22112.42,0.22,FEM
SHGA250923,22119.76,1.08,FEM
SHGA250923,22132.48,1.96,FEM
SHGA250923,22139.06,1.3,KCHI
SHGA250923,22148.7,0.12,FEM
SHGA250923,22152.52,0.72,FEM
SHGA250923,22154.86,3.88,FEM
SHGA250923,22161.36,1.04,KCHI
SHGA250923,22164.62,0.26,FEM
SHGA250923,22167.12,1.48,KCHI
SHGA250923,22170.52,1.5,FEM
SHGA250923,22200.34,0.5,FEM
SHGA250923,22203.96,1.48,FEM
SHGA250923,22207.34,0.82,KCHI
SHGA250923,22210.06,0.44,KCHI
SHGA250923,22211.6,1.6,FEM
SHGA250923,22215.08,1.28,KCHI
SHGA250923,22223.74,1.32,FEM
SHGA250923,22226.88,0.58,FEM
SHGA250923,22230.52,0.16,FEM
SHGA250923,22230.84,1.44,FEM
SHGA250923,22232.28,0.52,KCHI
SHGA250923,22236.38,2.02,FEM
SHGA250923,22244.58,2.28,FEM
SHGA250923,22248.54,1.64,FEM
SHGA250923,22251.06,0.9,KCHI
SHGA250923,22252.18,1.32,KCHI
SHGA250923,22261.1,0.66,KCHI
SHGA250923,22261.84,0.72,FEM
SHGA250923,22264.12,1.42,KCHI
SHGA250923,22267.36,0.74,KCHI
SHGA250923,22268.38,0.58,FEM
SHGA250923,22271.04,0.68,KCHI
SHGA250923,22273.46,0.7,KCHI
SHGA250923,22276.92,1.42,KCHI
SHGA250923,22284.02,0.86,KCHI
SHGA250923,22287.8,0.2,KCHI
SHGA250923,22293.08,0.22,FEM
SHGA250923,22297.82,1.12,KCHI
SHGA250923,22309.0,1.46,OCH
SHGA250923,22312.4,1.88,FEM
SHGA250923,22314.98,0.28,FEM
SHGA250923,22315.36,0.5,FEM
SHGA250923,22339.74,0.18,FEM
SHGA250923,22343.4,4.3,FEM
SHGA250923,22355.1,0.56,FEM
SHGA250923,22365.84,0.22,FEM
SHGA250923,22367.6,0.4,FEM
SHGA250923,22407.86,0.66,KCHI
SHGA250923,22439.24,3.36,KCHI
SHGA250923,22442.9,0.32,KCHI
SHGA250923,22471.08,0.84,KCHI
SHGA250923,22472.42,0.34,KCHI
SHGA250923,22473.3,1.64,KCHI
SHGA250923,22487.0,0.2,KCHI
SHGA250923,22490.98,1.62,FEM
SHGA250923,22492.6,1.54,KCHI
SHGA250923,22494.18,0.26,FEM
SHGA250923,22494.54,0.42,KCHI
SHGA250923,22497.92,1.02,FEM
SHGA250923,22514.86,1.74,FEM
SHGA250923,22522.96,0.8,FEM
SHGA250923,22525.28,1.52,FEM
SHGA250923,22526.72,0.98,KCHI
SHGA250923,22531.96,1.58,KCHI
SHGA250923,22533.74,1.02,KCHI
SHGA250923,22538.74,1.98,KCHI
SHGA250923,22541.0,1.72,KCHI
SHGA250923,22546.7,0.18,FEM
SHGA250923,22548.52,2.16,KCHI
SHGA250923,22576.78,0.66,MAL
SHGA250923,22582.52,0.9,FEM
SHGA250923,22584.68,1.28,FEM
SHGA250923,22587.7,1.04,KCHI
SHGA250923,22589.18,0.68,FEM
SHGA250923,22591.26,0.82,MAL
SHGA250923,22599.56,0.76,KCHI
SHGA250923,22611.74,0.5,KCHI
SHGA250923,22614.36,0.28,KCHI
SHGA250923,22618.7,1.46,FEM
SHGA250923,22622.08,0.24,FEM
SHGA250923,22630.28,0.6,KCHI
SHGA250923,22633.38,0.88,FEM
SHGA250923,22634.88,1.12,KCHI
SHGA250923,22636.44,0.26,KCHI
SHGA250923,22637.38,0.86,FEM
SHGA250923,22638.54,1.28,MAL
SHGA250923,22650.92,1.76,FEM
SHGA250923,22653.2,0.9,KCHI
SHGA250923,22656.82,1.32,FEM
SHGA250923,22669.68,0.4,FEM
SHGA250923,22670.88,0.14,FEM
SHGA250923,22671.6,2.12,FEM
SHGA250923,22675.32,1.5,KCHI
SHGA250923,22678.04,0.54,FEM
SHGA250923,22679.34,0.56,FEM
SHGA250923,22680.7,0.62,FEM
SHGA250923,22681.8,1.3,KCHI
SHGA250923,22682.02,0.24,FEM
SHGA250923,22687.7,0.84,FEM
SHGA250923,22688.7,0.86,KCHI
SHGA250923,22689.98,0.5,FEM
SHGA250923,22691.42,2.54,FEM
SHGA250923,22696.22,1.5,KCHI
SHGA250923,22705.06,0.58,KCHI
SHGA250923,22708.24,0.68,KCHI
SHGA250923,22713.86,3.98,FEM
SHGA250923,22718.56,0.3,KCHI
SHGA250923,22721.82,0.24,FEM
SHGA250923,22723.5,2.2,FEM
SHGA250923,22730.42,1.9,KCHI
SHGA250923,22733.76,3.26,FEM
SHGA250923,22737.74,0.46,FEM
SHGA250923,22739.6,1.4,FEM
SHGA250923,22745.14,0.56,OCH
SHGA250923,22747.02,0.42,FEM
SHGA250923,22749.68,0.32,FEM
SHGA250923,22757.7,0.22,KCHI
SHGA250923,22759.68,1.28,KCHI
SHGA250923,22764.08,1.3,KCHI
SHGA250923,22774.72,1.88,KCHI
SHGA250923,22778.02,0.6,FEM
SHGA250923,22781.3,1.82,KCHI
SHGA250923,22795.78,0.56,KCHI
SHGA250923,22800.42,0.72,KCHI
SHGA250923,22806.0,1.04,KCHI
SHGA250923,22807.52,1.86,FEM
SHGA250923,22807.9,2.38,KCHI
SHGA250923,22810.92,1.16,KCHI
SHGA250923,22813.7,1.36,KCHI
SHGA250923,22817.34,0.86,KCHI
SHGA250923,22819.04,1.28,KCHI
SHGA250923,22821.36,1.16,KCHI
SHGA250923,22823.8,1.44,KCHI
SHGA250923,22827.14,0.84,KCHI
SHGA250923,22829.28,1.22,KCHI
SHGA250923,22831.08,2.0,KCHI
SHGA250923,22832.28,0.74,FEM
SHGA250923,22854.82,0.8,FEM
SHGA250923,22868.3,0.78,KCHI
SHGA250923,22879.8,1.22,KCHI
SHGA250923,22883.02,1.44,KCHI
SHGA250923,22892.96,1.28,KCHI
SHGA250923,22896.12,1.16,KCHI
SHGA250923,22899.14,1.68,KCHI
SHGA250923,22902.86,1.08,KCHI
SHGA250923,22911.46,0.84,KCHI
SHGA250923,22912.86,0.18,FEM
SHGA250923,22913.84,1.44,FEM
SHGA250923,22916.36,1.44,KCHI
SHGA250923,22927.54,0.66,KCHI
SHGA250923,22928.78,0.12,FEM
SHGA250923,22944.7,0.58,FEM
SHGA250923,22949.0,0.6,KCHI
SHGA250923,22951.2,0.74,KCHI
SHGA250923,22959.48,0.9,FEM
SHGA250923,22965.98,0.46,FEM
SHGA250923,22968.2,0.38,FEM
SHGA250923,22980.52,1.06,FEM
SHGA250923,22983.44,1.06,FEM
SHGA250923,22993.94,0.56,FEM
SHGA250923,22995.96,0.48,FEM
SHGA250923,22996.44,0.12,KCHI
SHGA250923,22996.92,0.34,FEM
SHGA250923,23006.08,2.3,FEM
SHGA250923,23008.78,0.56,FEM
SHGA250923,23009.98,0.84,FEM
SHGA250923,23010.94,1.8,FEM
SHGA250923,23013.28,1.84,FEM
SHGA250923,23018.82,0.64,KCHI
SHGA250923,23032.26,0.22,FEM
SHGA250923,23036.04,1.26,FEM
SHGA250923,23038.9,1.32,FEM
SHGA250923,23047.42,0.26,KCHI
SHGA250923,23061.66,0.46,FEM
SHGA250923,23064.1,0.18,FEM
SHGA250923,23140.94,0.48,KCHI
SHGA250923,23145.52,0.82,KCHI
SHGA250923,23158.3,0.4,KCHI
SHGA250923,23203.4,0.12,FEM
SHGA250923,23207.38,0.2,FEM
SHGA250923,23209.56,0.42,FEM
SHGA250923,23212.06,0.52,FEM
SHGA250923,23253.28,2.16,FEM
SHGA250923,23259.12,3.98,FEM
SHGA250923,23267.08,3.98,FEM
SHGA250923,23279.02,0.32,FEM
SHGA250923,23280.96,0.14,FEM
SHGA250923,23281.58,1.42,FEM
SHGA250923,23286.98,7.72,FEM
SHGA250923,23298.92,2.5,FEM
SHGA250923,23302.5,0.4,FEM
SHGA250923,23326.62,4.14,FEM
SHGA250923,23334.74,15.92,FEM
SHGA250923,23356.92,0.22,FEM
SHGA250923,23358.24,0.58,FEM
SHGA250923,23359.74,0.52,KCHI
SHGA250923,23361.6,0.6,FEM
SHGA250923,23366.58,3.98,FEM
SHGA250923,23386.48,0.32,FEM
SHGA250923,23387.58,0.48,FEM
SHGA250923,23390.46,0.12,FEM
SHGA250923,23394.68,1.6,KCHI
SHGA250923,23396.64,1.78,KCHI
SHGA250923,23406.38,1.14,KCHI
SHGA250923,23408.26,1.58,KCHI
SHGA250923,23410.36,15.92,FEM
SHGA250923,23458.12,7.96,FEM
SHGA250923,23470.06,8.1,FEM
SHGA250923,23484.16,1.02,KCHI
SHGA250923,23544.8,1.9,FEM
SHGA250923,23548.14,0.44,FEM
SHGA250923,23549.4,0.72,FEM
SHGA250923,23552.0,0.18,FEM
SHGA250923,23554.06,0.46,FEM
SHGA250923,23556.7,1.22,KCHI
SHGA250923,23559.72,1.22,FEM
SHGA250923,23567.16,1.3,KCHI
SHGA250923,23569.56,4.12,FEM
SHGA250923,23573.88,0.76,FEM
SHGA250923,23575.3,1.38,FEM
SHGA250923,23589.46,0.8,FEM
SHGA250923,23590.64,0.24,FEM
SHGA250923,23628.08,1.18,FEM
SHGA250923,23701.78,0.38,FEM
SHGA250923,23912.04,0.96,KCHI
SHGA250923,23914.9,1.14,KCHI
SHGA250923,23921.86,0.86,KCHI
SHGA250923,23922.78,0.44,FEM
SHGA250923,23934.76,0.3,FEM
SHGA250923,23937.92,0.76,FEM
SHGA250923,23938.72,0.5,KCHI
SHGA250923,24250.82,0.2,FEM
SHGA250923,24251.4,0.26,FEM
SHGA250923,24254.12,0.82,FEM
SHGA250923,24276.88,0.22,FEM
SHGA250923,24278.0,0.32,FEM
SHGA250923,24280.02,1.96,FEM
SHGA250923,24313.82,0.24,FEM
SHGA250923,24314.26,0.34,FEM
SHGA250923,24315.16,0.26,FEM
SHGA250923,24321.78,1.18,FEM
SHGA250923,24323.84,1.56,FEM
SHGA250923,24377.76,0.56,KCHI
SHGA250923,24437.98,0.3,KCHI
SHGA250923,24439.0,0.6,KCHI
SHGA250923,24471.42,1.04,KCHI
SHGA250923,24506.42,0.16,FEM
SHGA250923,24528.48,0.26,FEM
SHGA250923,24530.82,0.46,KCHI
SHGA250923,24562.08,1.72,FEM
SHGA250923,24564.56,0.16,FEM
SHGA250923,24569.56,0.5,FEM
SHGA250923,24601.46,0.26,FEM
SHGA250923,24603.22,0.4,FEM
SHGA250923,24608.34,1.86,FEM
SHGA250923,24994.4,0.14,KCHI
SHGA250923,25013.9,0.4,FEM
SHGA250923,25017.58,0.7,FEM
SHGA250923,25084.82,0.3,FEM
SHGA250923,25085.48,0.46,FEM
SHGA250923,25169.52,0.24,KCHI
SHGA250923,25208.04,1.68,KCHI
SHGA250923,25210.42,1.02,FEM
SHGA250923,25250.6,0.48,KCHI
SHGA250923,25292.9,0.22,FEM
SHGA250923,25295.1,0.2,FEM
SHGA250923,25295.62,0.22,FEM
SHGA250923,25440.16,0.92,FEM
SHGA250923,25456.08,0.22,FEM
SHGA250923,25458.84,1.12,KCHI
SHGA250923,25460.06,0.54,KCHI
SHGA250923,25462.16,0.86,KCHI
SHGA250923,25474.76,1.62,KCHI
SHGA250923,25476.68,0.12,KCHI
SHGA250923,25478.52,0.66,KCHI
SHGA250923,25479.96,0.72,KCHI
SHGA250923,25498.34,1.52,KCHI
SHGA250923,25507.82,0.76,FEM
SHGA250923,25509.0,2.64,FEM
SHGA250923,25519.76,1.44,KCHI
SHGA250923,25531.96,0.94,FEM
SHGA250923,25533.96,3.74,FEM
SHGA250923,25539.66,0.78,KCHI
SHGA250923,25545.14,0.26,FEM
SHGA250923,25576.34,0.78,FEM
SHGA250923,25579.46,0.74,KCHI
SHGA250923,25587.42,0.4,KCHI
SHGA250923,25589.9,1.5,KCHI
SHGA250923,25592.48,0.52,FEM
SHGA250923,25593.0,2.04,MAL
SHGA250923,25595.38,3.02,KCHI
SHGA250923,25600.32,0.62,KCHI
SHGA250923,25614.6,0.12,FEM
SHGA250923,25617.26,0.5,KCHI
SHGA250923,25619.26,0.5,FEM
SHGA250923,25620.64,2.6,FEM
SHGA250923,25627.22,1.56,FEM
SHGA250923,25648.1,2.0,FEM
SHGA250923,25667.94,1.08,KCHI
SHGA250923,25721.5,0.26,FEM
SHGA250923,25722.74,1.84,MAL
SHGA250923,25727.4,0.58,FEM
SHGA250923,25728.92,1.78,FEM
SHGA250923,25742.64,0.88,KCHI
SHGA250923,25774.48,0.22,MAL
SHGA250923,25783.96,0.26,FEM
SHGA250923,25788.5,0.76,FEM
SHGA250923,25790.4,0.2,FEM
SHGA250923,25792.14,2.24,FEM
SHGA250923,25796.74,1.34,FEM
SHGA250923,25805.6,1.54,FEM
SHGA250923,25807.02,0.34,KCHI
SHGA250923,25812.6,0.42,FEM
SHGA250923,25884.84,1.08,MAL
SHGA250923,25898.28,0.64,MAL
SHGA250923,25899.52,2.32,MAL
SHGA250923,25901.84,3.8,FEM
SHGA250923,25911.56,0.18,MAL
SHGA250923,25911.6,2.54,FEM
SHGA250923,25912.1,0.24,MAL
SHGA250923,25913.32,0.38,MAL
SHGA250923,25915.64,0.36,FEM
SHGA250923,25921.74,3.28,FEM
SHGA250923,25926.36,1.02,FEM
SHGA250923,25928.42,0.76,FEM
SHGA250923,25932.96,0.72,FEM
SHGA250923,25937.66,0.18,KCHI
SHGA250923,25944.48,1.06,MAL
SHGA250923,25970.02,0.48,FEM
SHGA250923,25973.34,0.14,FEM
SHGA250923,25981.68,1.12,MAL
SHGA250923,26017.96,1.22,KCHI
SHGA250923,26039.58,1.56,MAL
SHGA250923,26126.3,2.04,KCHI
SHGA250923,26157.72,0.76,KCHI
SHGA250923,26172.72,1.28,KCHI
SHGA250923,26174.22,1.78,KCHI
SHGA250923,26315.76,3.98,OCH
SHGA250923,26333.5,1.64,FEM
SHGA250923,26334.38,1.26,OCH
SHGA250923,26339.74,1.14,OCH
SHGA250923,26341.3,0.86,OCH
SHGA250923,26355.76,8.3,OCH
SHGA250923,26364.7,2.8,OCH
SHGA250923,26375.46,7.32,OCH
SHGA250923,26383.42,3.96,OCH
SHGA250923,26399.12,0.22,MAL
SHGA250923,26421.68,0.94,OCH
SHGA250923,26423.22,2.66,OCH
SHGA250923,26426.48,4.7,OCH
SHGA250923,26439.18,0.26,OCH
SHGA250923,26439.9,3.22,OCH
SHGA250923,26441.78,0.92,FEM
SHGA250923,26443.12,0.28,KCHI
SHGA250923,26469.08,0.26,MAL
SHGA250923,26474.96,3.98,OCH
SHGA250923,26494.86,3.98,OCH
SHGA250923,26573.56,0.9,FEM
SHGA250923,26574.46,1.34,KCHI
SHGA250923,26582.42,1.22,FEM
SHGA250923,26667.56,0.32,OCH
SHGA250923,26679.6,2.26,OCH
SHGA250923,26704.46,1.12,OCH
SHGA250923,26721.72,1.24,OCH
SHGA250923,26723.12,2.58,OCH
SHGA250923,26767.94,1.26,FEM
SHGA250923,26769.94,1.08,MAL
SHGA250923,26782.1,0.5,OCH
SHGA250923,26801.32,1.26,OCH
SHGA250923,26802.84,2.46,OCH
SHGA250923,26806.96,0.6,FEM
SHGA250923,26809.32,0.68,MAL
SHGA250923,26813.78,1.38,MAL
SHGA250923,26817.24,1.56,OCH
SHGA250923,26818.88,1.84,MAL
SHGA250923,26820.64,0.58,OCH
SHGA250923,26829.52,1.16,OCH
SHGA250923,26831.1,1.24,OCH
SHGA250923,26840.44,1.44,MAL
SHGA250923,26842.3,1.38,MAL
SHGA250923,26846.36,1.08,MAL
SHGA250923,26847.6,0.44,MAL
SHGA250923,26849.08,3.98,OCH
SHGA250923,26862.48,1.42,KCHI
SHGA250923,26865.24,0.94,MAL
SHGA250923,26867.28,1.64,MAL
SHGA250923,26872.96,0.82,KCHI
SHGA250923,26875.28,1.08,KCHI
SHGA250923,26886.12,0.46,MAL
SHGA250923,26887.08,0.82,MAL
SHGA250923,26889.78,1.0,MAL
SHGA250923,26892.86,3.98,OCH
SHGA250923,26901.32,0.24,OCH
SHGA250923,26903.02,0.48,OCH
SHGA250923,26918.3,1.78,MAL
SHGA250923,26922.52,1.68,FEM
SHGA250923,26926.9,1.7,FEM
SHGA250923,26940.62,0.72,KCHI
SHGA250923,26941.56,0.32,KCHI
SHGA250923,26952.24,0.2,MAL
SHGA250923,26952.56,0.4,KCHI
SHGA250923,26962.16,1.12,KCHI
SHGA250923,26972.46,0.54,KCHI
SHGA250923,26973.4,1.48,KCHI
SHGA250923,26986.86,1.48,OCH
SHGA250923,27032.16,3.98,MAL
SHGA250923,27043.02,1.08,KCHI
SHGA250923,27072.96,2.36,KCHI
SHGA250923,27092.02,1.62,FEM
SHGA250923,27148.5,0.24,KCHI
SHGA250923,27149.04,0.12,KCHI
SHGA250923,27149.38,0.54,KCHI
SHGA250923,27150.04,0.36,KCHI
SHGA250923,27150.54,0.24,KCHI
SHGA250923,27227.44,2.12,KCHI
SHGA250923,27247.7,0.86,KCHI
SHGA250923,27251.74,1.04,KCHI
SHGA250923,27259.02,0.94,KCHI
SHGA250923,27320.34,1.64,KCHI
SHGA250923,27346.72,1.92,FEM
SHGA250923,27370.46,0.54,FEM
SHGA250923,27372.52,1.68,FEM
SHGA250923,27391.9,0.5,KCHI
SHGA250923,27439.12,0.46,FEM
SHGA250923,27439.8,0.56,FEM
SHGA250923,27455.32,0.4,FEM
SHGA250923,27456.14,0.26,FEM
SHGA250923,27464.36,1.62,KCHI
SHGA250923,27469.7,1.78,FEM
SHGA250923,27473.94,1.24,KCHI
SHGA250923,27477.92,3.98,KCHI
SHGA250923,27482.82,1.72,FEM
SHGA250923,27489.86,7.96,KCHI
SHGA250923,27508.74,4.58,FEM
SHGA250923,27514.6,3.12,FEM
SHGA250923,27518.1,5.84,FEM
SHGA250923,27524.94,1.82,FEM
SHGA250923,27527.26,0.96,FEM
SHGA250923,27528.84,0.82,FEM
SHGA250923,27529.8,3.84,FEM
SHGA250923,27533.9,0.64,KCHI
SHGA250923,27534.86,1.5,OCH
SHGA250923,27537.62,0.48,KCHI
SHGA250923,27538.14,0.44,FEM
SHGA250923,27541.6,0.62,FEM
SHGA250923,27542.54,3.04,OCH
SHGA250923,27545.58,0.32,MAL
SHGA250923,27549.18,0.68,KCHI
SHGA250923,27549.66,1.0,FEM
SHGA250923,27551.84,0.24,KCHI
SHGA250923,27554.4,2.6,FEM
SHGA250923,27558.94,0.76,FEM
SHGA250923,27560.02,0.44,FEM
SHGA250923,27561.5,0.96,KCHI
SHGA250923,27561.5,3.0,FEM
SHGA250923,27566.56,0.56,KCHI
SHGA250923,27569.26,2.36,FEM
SHGA250923,27571.82,0.56,FEM
SHGA250923,27577.42,2.24,KCHI
SHGA250923,27582.82,3.82,FEM
SHGA250923,27586.56,1.58,KCHI
SHGA250923,27590.36,0.54,MAL
SHGA250923,27592.04,1.3,FEM
SHGA250923,27595.72,0.5,FEM
SHGA250923,27596.28,0.62,KCHI
SHGA250923,27596.98,0.42,OCH
SHGA250923,27597.6,0.28,OCH
SHGA250923,27601.54,1.2,FEM
SHGA250923,27619.26,1.44,MAL
SHGA250923,27622.88,0.46,FEM
SHGA250923,27658.5,2.28,FEM
SHGA250923,27688.7,0.16,FEM
SHGA250923,27788.36,1.28,KCHI
SHGA250923,27840.1,1.56,FEM
SHGA250923,27853.88,2.14,FEM
SHGA250923,27867.96,1.92,KCHI
SHGA250923,27870.06,0.56,MAL
SHGA250923,27871.82,0.12,FEM
SHGA250923,27889.34,1.46,FEM
SHGA250923,27893.06,0.7,KCHI
SHGA250923,27899.28,0.26,KCHI
SHGA250923,27899.8,0.38,KCHI
SHGA250923,27905.62,0.78,FEM
SHGA250923,27906.52,0.44,FEM
SHGA250923,27923.24,0.42,KCHI
SHGA250923,27927.66,0.48,KCHI
SHGA250923,27929.34,1.38,FEM
SHGA250923,27931.78,0.66,MAL
SHGA250923,27934.62,4.52,KCHI
SHGA250923,27939.3,2.58,KCHI
SHGA250923,27944.44,1.86,KCHI
SHGA250923,27958.2,0.48,KCHI
SHGA250923,27959.52,1.0,KCHI
SHGA250923,27960.72,0.76,MAL
SHGA250923,27962.14,0.7,MAL
SHGA250923,27963.22,0.26,MAL
SHGA250923,27963.48,1.6,FEM
SHGA250923,27965.44,1.08,FEM
SHGA250923,27967.02,0.34,FEM
SHGA250923,27967.66,1.76,MAL
SHGA250923,27969.32,1.74,FEM
SHGA250923,27977.48,0.46,MAL
SHGA250923,27978.6,0.8,MAL
SHGA250923,27979.4,2.04,FEM
SHGA250923,27982.0,0.26,FEM
SHGA250923,27982.36,1.02,FEM
SHGA250923,27983.02,0.36,OCH
SHGA250923,27984.44,2.46,FEM
SHGA250923,28019.88,0.18,MAL
SHGA250923,28022.5,0.68,MAL
SHGA250923,28027.9,1.06,FEM
SHGA250923,28030.2,1.76,FEM
SHGA250923,28032.46,1.32,FEM
SHGA250923,28034.08,0.74,FEM
SHGA250923,28036.64,1.44,KCHI
SHGA250923,28044.76,0.94,KCHI
SHGA250923,28046.14,0.92,KCHI
SHGA250923,28076.26,0.24,KCHI
SHGA250923,28080.38,1.7,KCHI
SHGA250923,28083.26,2.24,FEM
SHGA250923,28085.76,0.76,KCHI
SHGA250923,28088.86,1.44,KCHI
SHGA250923,28091.06,2.24,KCHI
SHGA250923,28092.74,1.04,FEM
SHGA250923,28093.78,0.86,MAL
SHGA250923,28094.82,0.3,FEM
SHGA250923,28094.82,0.32,KCHI
SHGA250923,28096.46,1.24,FEM
SHGA250923,28102.1,0.94,FEM
SHGA250923,28102.78,1.5,KCHI
SHGA250923,28112.66,1.16,FEM
SHGA250923,28114.72,2.16,OCH
SHGA250923,28117.74,0.16,MAL
SHGA250923,28118.84,0.52,MAL
SHGA250923,28119.58,1.48,MAL
SHGA250923,28123.12,0.24,KCHI
SHGA250923,28123.6,1.0,MAL
SHGA250923,28124.52,3.08,KCHI
SHGA250923,28126.66,0.54,FEM
SHGA250923,28127.66,0.64,FEM
SHGA250923,28128.38,0.84,KCHI
SHGA250923,28129.42,0.52,FEM
SHGA250923,28130.94,3.68,FEM
SHGA250923,28134.82,1.98,KCHI
SHGA250923,28136.9,0.12,KCHI
SHGA250923,28137.02,1.42,MAL
SHGA250923,28139.98,1.82,KCHI
SHGA250923,28142.58,1.22,FEM
SHGA250923,28143.74,1.14,KCHI
SHGA250923,28144.94,0.14,MAL
SHGA250923,28145.44,0.22,MAL
SHGA250923,28145.92,0.32,MAL
SHGA250923,28146.72,0.34,MAL
SHGA250923,28149.56,2.4,KCHI
SHGA250923,28152.78,0.78,MAL
SHGA250923,28154.04,0.28,MAL
SHGA250923,28154.38,0.24,KCHI
SHGA250923,28155.2,0.9,MAL
SHGA250923,28156.12,0.68,KCHI
SHGA250923,28156.82,0.18,MAL
SHGA250923,28158.1,2.74,FEM
SHGA250923,28162.48,1.84,FEM
SHGA250923,28165.48,0.44,KCHI
SHGA250923,28166.36,3.72,FEM
SHGA250923,28166.46,0.74,KCHI
SHGA250923,28169.74,0.7,KCHI
SHGA250923,28170.88,1.02,FEM
SHGA250923,28171.86,1.06,KCHI
SHGA250923,28172.22,1.92,FEM
SHGA250923,28174.18,0.82,KCHI
SHGA250923,28175.08,1.28,FEM
SHGA250923,28176.8,2.02,KCHI
SHGA250923,28179.38,1.74,FEM
SHGA250923,28181.56,0.96,MAL
SHGA250923,28183.88,0.22,MAL
SHGA250923,28185.88,1.16,MAL
SHGA250923,28187.08,3.76,FEM
SHGA250923,28192.68,1.14,MAL
SHGA250923,28204.7,0.58,KCHI
SHGA250923,28205.64,0.62,FEM
SHGA250923,28207.48,0.36,FEM
SHGA250923,28208.82,1.42,FEM
SHGA250923,28212.56,0.98,KCHI
SHGA250923,28223.54,0.32,MAL
SHGA250923,28227.9,1.26,MAL
SHGA250923,28229.62,0.52,MAL
SHGA250923,28236.7,1.4,MAL
SHGA250923,28238.1,0.68,FEM
SHGA250923,28239.82,0.84,FEM
SHGA250923,28242.08,0.22,FEM
SHGA250923,28243.36,1.96,KCHI
SHGA250923,28245.62,1.26,FEM
SHGA250923,28247.2,3.36,KCHI
SHGA250923,28248.12,1.36,FEM
SHGA250923,28250.32,1.58,MAL
SHGA250923,28252.08,0.98,FEM
SHGA250923,28253.06,0.56,MAL
SHGA250923,28253.66,1.5,KCHI
SHGA250923,28255.66,2.34,FEM
SHGA250923,28258.34,2.14,KCHI
SHGA250923,28260.5,1.0,FEM
SHGA250923,28261.74,0.54,OCH
SHGA250923,28262.32,1.66,FEM
SHGA250923,28263.58,0.52,KCHI
SHGA250923,28263.96,2.0,MAL
SHGA250923,28271.16,1.36,FEM
SHGA250923,28277.9,1.14,KCHI
SHGA250923,28279.56,1.36,KCHI
SHGA250923,28280.46,2.04,FEM
SHGA250923,28282.92,1.52,FEM
SHGA250923,28284.54,0.22,KCHI
SHGA250923,28285.64,0.98,KCHI
SHGA250923,28286.52,1.52,FEM
SHGA250923,28288.56,1.28,KCHI
SHGA250923,28289.42,2.36,FEM
SHGA250923,28290.38,1.38,KCHI
SHGA250923,28291.98,2.3,FEM
SHGA250923,28294.64,2.92,FEM
SHGA250923,28302.44,3.32,FEM
SHGA250923,28306.04,2.18,FEM
SHGA250923,28309.3,0.44,FEM
SHGA250923,28310.14,0.92,FEM
SHGA250923,28311.6,0.88,FEM
SHGA250923,28316.06,0.5,KCHI
SHGA250923,28320.88,0.8,MAL
SHGA250923,28323.24,0.54,FEM
SHGA250923,28324.66,0.6,FEM
SHGA250923,28327.0,2.1,MAL
SHGA250923,28330.2,1.4,FEM
SHGA250923,28333.62,1.7,FEM
SHGA250923,28335.16,2.44,KCHI
SHGA250923,28341.3,0.28,FEM
SHGA250923,28342.94,1.3,MAL
SHGA250923,28355.3,1.02,MAL
SHGA250923,28356.7,0.8,MAL
SHGA250923,28359.58,4.22,FEM
SHGA250923,28363.9,3.06,FEM
SHGA250923,28367.22,6.2,FEM
SHGA250923,28370.62,1.52,KCHI
SHGA250923,28374.04,1.38,FEM
SHGA250923,28376.02,3.4,FEM
SHGA250923,28379.4,0.32,MAL
SHGA250923,28381.08,0.3,KCHI
SHGA250923,28381.62,1.16,MAL
SHGA250923,28383.2,3.94,FEM
SHGA250923,28387.44,0.56,KCHI
SHGA250923,28388.3,4.06,FEM
SHGA250923,28393.32,3.86,FEM
SHGA250923,28397.3,2.98,FEM
SHGA250923,28400.08,3.42,MAL
SHGA250923,28405.26,1.78,FEM
SHGA250923,28408.8,4.42,FEM
SHGA250923,28413.9,3.3,FEM
SHGA250923,28419.78,0.5,MAL
SHGA250923,28422.14,3.94,FEM
SHGA250923,28445.72,5.1,FEM
SHGA250923,28447.98,0.14,KCHI
SHGA250923,28451.48,0.34,KCHI
SHGA250923,28452.82,0.2,FEM
SHGA250923,28453.94,2.7,FEM
SHGA250923,28461.2,2.8,FEM
SHGA250923,28465.3,0.58,MAL
SHGA250923,28465.88,1.88,FEM
SHGA250923,28470.36,3.32,FEM
SHGA250923,28474.98,0.8,MAL
SHGA250923,28476.0,1.54,FEM
SHGA250923,28479.54,4.98,FEM
SHGA250923,28533.76,0.42,KCHI
SHGA250923,28542.68,1.88,FEM
SHGA250923,28545.0,2.36,FEM
SHGA250923,28556.66,2.04,FEM
SHGA250923,28561.0,1.02,FEM
SHGA250923,28562.62,1.44,FEM
SHGA250923,28564.8,1.46,FEM
SHGA250923,28568.14,0.88,FEM
SHGA250923,28579.06,2.24,FEM
SHGA250923,28581.98,2.78,FEM
SHGA250923,28611.76,0.46,MAL
SHGA250923,28612.22,3.74,FEM
SHGA250923,28616.52,1.08,MAL
SHGA250923,28617.78,0.56,FEM
SHGA250923,28618.62,3.78,FEM
SHGA250923,28625.9,1.78,MAL
SHGA250923,28627.88,2.54,FEM
SHGA250923,28635.66,2.7,FEM
SHGA250923,28640.08,3.0,FEM
SHGA250923,28642.26,1.44,MAL
SHGA250923,28643.64,2.1,FEM
SHGA250923,28659.3,5.92,FEM
SHGA250923,28672.12,1.86,MAL
SHGA250923,28676.22,0.7,MAL
SHGA250923,28677.78,1.42,MAL
SHGA250923,28679.88,1.06,FEM
SHGA250923,28682.82,0.62,FEM
SHGA250923,28684.1,0.46,KCHI
SHGA250923,28684.84,1.58,FEM
SHGA250923,28691.48,1.26,FEM
SHGA250923,28692.74,1.28,MAL
SHGA250923,28694.6,5.18,FEM
SHGA250923,28696.14,0.14,KCHI
SHGA250923,28699.92,0.84,MAL
SHGA250923,28705.9,2.8,FEM
SHGA250923,28709.9,3.42,FEM
SHGA250923,28714.92,1.22,FEM
SHGA250923,28724.08,2.28,FEM
SHGA250923,28728.54,3.08,FEM
SHGA250923,28728.56,0.64,KCHI
SHGA250923,28730.2,0.46,KCHI
SHGA250923,28731.62,0.66,KCHI
SHGA250923,28733.14,0.76,KCHI
SHGA250923,28733.5,0.44,FEM
SHGA250923,28734.84,1.06,KCHI
SHGA250923,28736.24,0.88,KCHI
SHGA250923,28737.42,1.46,FEM
SHGA250923,28739.72,1.48,FEM
SHGA250923,28742.08,0.84,KCHI
SHGA250923,28742.74,1.54,FEM
SHGA250923,28744.24,0.7,KCHI
SHGA250923,28745.64,0.76,FEM
SHGA250923,28750.9,2.06,FEM
SHGA250923,28753.84,1.46,FEM
SHGA250923,28755.5,1.74,FEM
SHGA250923,28768.42,3.0,FEM
SHGA250923,28776.5,4.28,FEM
SHGA250923,28781.44,1.28,MAL
SHGA250923,28782.86,0.5,FEM
SHGA250923,28783.44,0.84,MAL
SHGA250923,28784.28,1.28,FEM
SHGA250923,28785.74,2.14,MAL
SHGA250923,28786.14,0.72,KCHI
SHGA250923,28788.02,0.6,FEM
SHGA250923,28789.02,3.32,FEM
SHGA250923,28792.16,0.16,MAL
SHGA250923,28792.74,0.68,KCHI
SHGA250923,28793.36,1.24,FEM
SHGA250923,28803.26,3.98,FEM
SHGA250923,28813.4,7.22,FEM
SHGA250923,28818.06,0.62,KCHI
SHGA250923,28820.66,0.64,KCHI
SHGA250923,28821.64,0.76,KCHI
SHGA250923,28822.52,3.96,FEM
SHGA250923,28825.46,0.6,KCHI
SHGA250923,28826.42,0.48,KCHI
SHGA250923,28826.88,1.58,FEM
SHGA250923,28828.62,0.6,KCHI
SHGA250923,28828.78,0.9,FEM
SHGA250923,28829.96,5.1,FEM
SHGA250923,28840.04,4.7,FEM
SHGA250923,28844.96,6.16,FEM
SHGA250923,28845.86,1.82,KCHI
SHGA250923,28851.1,1.06,MAL
SHGA250923,28852.16,1.98,FEM
SHGA250923,28854.14,0.54,MAL
SHGA250923,28854.68,8.78,FEM
SHGA250923,28864.1,2.08,FEM
SHGA250923,28866.5,2.58,FEM
SHGA250923,28869.04,0.74,MAL
SHGA250923,28869.76,4.88,FEM
SHGA250923,28874.9,2.26,FEM
SHGA250923,28882.02,3.9,FEM
SHGA250923,28886.18,2.18,FEM
SHGA250923,28890.02,0.62,FEM
SHGA250923,28890.88,1.08,MAL
SHGA250923,28892.16,0.44,FEM
SHGA250923,28892.92,1.78,MAL
SHGA250923,28894.8,0.8,MAL
SHGA250923,28896.86,0.56,FEM
SHGA250923,28900.5,2.18,FEM
SHGA250923,28910.94,0.38,MAL
SHGA250923,28911.36,2.6,FEM
SHGA250923,28913.86,0.64,OCH
SHGA250923,28915.34,2.14,FEM
SHGA250923,28916.08,1.48,KCHI
SHGA250923,28918.68,3.04,FEM
SHGA250923,28925.92,2.96,FEM
SHGA250923,28929.9,4.42,FEM
SHGA250923,28937.24,3.02,FEM
SHGA250923,28966.44,0.58,KCHI
SHGA250923,28993.38,0.66,KCHI
SHGA250923,29002.26,7.16,FEM
SHGA250923,29009.7,2.32,FEM
SHGA250923,29012.3,1.28,FEM
SHGA250923,29014.44,1.36,FEM
SHGA250923,29016.66,3.88,FEM
SHGA250923,29021.38,0.78,KCHI
SHGA250923,29021.88,2.12,FEM
SHGA250923,29024.8,1.08,FEM
SHGA250923,29026.14,0.54,KCHI
SHGA250923,29026.72,2.14,FEM
SHGA250923,29029.1,1.7,FEM
SHGA250923,29031.96,1.42,FEM
SHGA250923,29033.48,1.22,KCHI
SHGA250923,29034.46,1.58,FEM
SHGA250923,29036.14,0.78,KCHI
SHGA250923,29036.7,2.88,FEM
SHGA250923,29041.36,4.68,FEM
SHGA250923,29041.6,0.54,KCHI
SHGA250923,29046.5,0.86,KCHI
SHGA250923,29046.74,1.42,FEM
SHGA250923,29048.28,1.94,FEM
SHGA250923,29050.46,2.2,FEM
SHGA250923,29053.46,1.76,FEM
SHGA250923,29060.22,1.92,KCHI
SHGA250923,29062.1,1.88,FEM
SHGA250923,29063.94,0.7,KCHI
SHGA250923,29065.4,1.58,FEM
SHGA250923,29068.9,2.82,FEM
SHGA250923,29072.22,2.38,FEM
SHGA250923,29074.7,0.66,KCHI
SHGA250923,29075.58,1.22,FEM
SHGA250923,29077.88,3.18,FEM
SHGA250923,29080.52,0.78,KCHI
SHGA250923,29081.86,1.54,FEM
SHGA250923,29082.08,1.1,KCHI
SHGA250923,29084.0,1.14,KCHI
SHGA250923,29086.54,1.02,KCHI
SHGA250923,29087.52,0.76,FEM
SHGA250923,29088.68,1.92,FEM
SHGA250923,29090.98,1.0,KCHI
SHGA250923,29094.24,3.14,FEM
SHGA250923,29098.52,2.3,FEM
SHGA250923,29103.4,4.08,FEM
SHGA250923,29108.32,1.84,FEM
SHGA250923,29110.34,1.02,FEM
SHGA250923,29112.3,2.5,FEM
SHGA250923,29113.7,0.16,MAL
SHGA250923,29115.4,1.36,FEM
SHGA250923,29115.94,0.68,KCHI
SHGA250923,29125.88,1.88,FEM
SHGA250923,29128.82,0.6,KCHI
SHGA250923,29129.34,0.28,FEM
SHGA250923,29129.88,1.02,KCHI
SHGA250923,29131.22,2.38,FEM
SHGA250923,29134.02,2.1,FEM
SHGA250923,29136.34,2.98,FEM
SHGA250923,29144.0,1.54,FEM
SHGA250923,29145.4,0.14,KCHI
SHGA250923,29145.7,0.9,FEM
SHGA250923,29147.1,1.46,FEM
SHGA250923,29149.48,5.08,FEM
SHGA250923,29155.48,2.4,FEM
SHGA250923,29158.16,5.96,FEM
SHGA250923,29164.9,3.62,FEM
SHGA250923,29169.5,6.24,FEM
SHGA250923,29177.38,11.42,FEM
SHGA250923,29181.82,0.9,KCHI
SHGA250923,29189.56,9.04,FEM
SHGA250923,29198.34,1.2,KCHI
SHGA250923,29199.52,1.44,FEM
SHGA250923,29200.46,1.5,KCHI
SHGA250923,29201.76,7.66,FEM
SHGA250923,29210.12,5.36,FEM
SHGA250923,29220.64,3.78,FEM
SHGA250923,29226.14,2.98,FEM
SHGA250923,29229.12,0.18,KCHI
SHGA250923,29229.88,3.22,FEM
SHGA250923,29233.28,0.44,FEM
SHGA250923,29241.08,3.7,FEM
SHGA250923,29245.04,2.42,FEM
SHGA250923,29248.06,4.94,FEM
SHGA250923,29256.98,5.32,FEM
SHGA250923,29263.96,2.72,FEM
SHGA250923,29267.26,2.84,FEM
SHGA250923,29272.1,2.4,FEM
SHGA250923,29274.76,2.12,FEM
SHGA250923,29275.48,0.44,KCHI
SHGA250923,29277.06,1.88,FEM
SHGA250923,29281.66,1.92,FEM
SHGA250923,29284.22,1.52,FEM
SHGA250923,29286.84,2.46,KCHI
SHGA250923,29289.9,6.2,FEM
SHGA250923,29292.14,2.34,KCHI
SHGA250923,29295.86,2.98,KCHI
SHGA250923,29296.8,1.1,FEM
SHGA250923,29298.48,4.98,FEM
SHGA250923,29300.7,0.88,KCHI
SHGA250923,29302.44,1.84,KCHI
SHGA250923,29304.4,2.48,FEM
SHGA250923,29307.62,3.44,FEM
SHGA250923,29313.26,7.4,FEM
SHGA250923,29315.32,0.18,KCHI
SHGA250923,29328.62,1.06,FEM
SHGA250923,29329.84,0.96,FEM
SHGA250923,29331.2,2.78,FEM
SHGA250923,29337.08,1.58,FEM
SHGA250923,29338.88,1.68,FEM
SHGA250923,29347.34,1.08,KCHI
SHGA250923,29352.74,7.22,FEM
SHGA250923,29360.46,3.88,FEM
SHGA250923,29368.14,2.1,FEM
SHGA250923,29379.06,2.82,FEM
SHGA250923,29382.44,2.12,FEM
SHGA250923,29385.62,2.7,FEM
SHGA250923,29388.32,0.48,OCH
SHGA250923,29388.82,4.26,FEM
SHGA250923,29393.34,10.42,FEM
SHGA250923,29404.8,1.26,FEM
SHGA250923,29406.96,2.6,FEM
SHGA250923,29410.86,0.78,FEM
SHGA250923,29412.1,4.38,FEM
SHGA250923,29417.16,6.98,FEM
SHGA250923,29425.74,2.36,FEM
SHGA250923,29429.52,1.1,MAL
SHGA250923,29431.22,1.48,KCHI
SHGA250923,29432.78,1.74,FEM
SHGA250923,29435.3,2.78,FEM
SHGA250923,29438.86,0.76,KCHI
SHGA250923,29440.82,2.48,FEM
SHGA250923,29444.12,2.92,FEM
SHGA250923,29449.36,4.72,FEM
SHGA250923,29456.7,1.8,FEM
SHGA250923,29459.24,1.06,KCHI
SHGA250923,29462.04,3.84,FEM
SHGA250923,29466.64,1.94,FEM
SHGA250923,29469.88,2.02,FEM
SHGA250923,29472.1,0.88,KCHI
SHGA250923,29473.1,0.86,FEM
SHGA250923,29474.12,0.88,KCHI
SHGA250923,29475.1,1.14,FEM
SHGA250923,29476.36,1.32,FEM
SHGA250923,29478.56,2.34,FEM
SHGA250923,29481.94,1.1,FEM
SHGA250923,29486.34,2.96,FEM
SHGA250923,29489.88,4.74,FEM
SHGA250923,29495.26,8.48,FEM
SHGA250923,29504.2,1.4,FEM
SHGA250923,29506.1,0.62,FEM
SHGA250923,29506.72,0.62,KCHI
SHGA250923,29507.72,1.9,FEM
SHGA250923,29511.32,1.72,FEM
SHGA250923,29515.9,5.8,FEM
SHGA250923,29518.56,0.3,KCHI
SHGA250923,29527.62,3.46,FEM
SHGA250923,29531.18,7.9,FEM
SHGA250923,29540.28,0.36,FEM
SHGA250923,29540.9,3.56,FEM
SHGA250923,29546.04,2.72,FEM
SHGA250923,29552.3,1.42,FEM
SHGA250923,29554.34,4.36,FEM
SHGA250923,29557.7,0.9,KCHI
SHGA250923,29559.46,5.66,FEM
SHGA250923,29564.24,1.92,KCHI
SHGA250923,29566.16,2.58,FEM
SHGA250923,29567.42,0.42,KCHI
SHGA250923,29569.4,1.36,FEM
SHGA250923,29572.34,1.04,KCHI
SHGA250923,29574.12,3.14,FEM
SHGA250923,29575.38,1.06,KCHI
SHGA250923,29577.36,0.46,KCHI
SHGA250923,29577.88,1.48,FEM
SHGA250923,29580.58,0.14,FEM
SHGA250923,29580.62,0.16,KCHI
SHGA250923,29583.08,0.48,KCHI
SHGA250923,29583.66,2.38,FEM
SHGA250923,29585.92,0.42,KCHI
SHGA250923,29586.42,3.82,FEM
SHGA250923,29588.32,0.92,KCHI
SHGA250923,29590.76,2.36,FEM
SHGA250923,29592.76,0.66,MAL
SHGA250923,29595.28,2.18,FEM
SHGA250923,29597.86,3.46,FEM
SHGA250923,29602.42,1.62,FEM
SHGA250923,29606.86,0.36,FEM
SHGA250923,29609.96,0.38,FEM
SHGA250923,29613.4,2.52,FEM
SHGA250923,29618.42,4.72,FEM
SHGA250923,29623.14,0.36,KCHI
SHGA250923,29623.84,1.78,FEM
SHGA250923,29626.8,1.02,FEM
SHGA250923,29628.12,4.14,FEM
SHGA250923,29633.86,3.0,FEM
SHGA250923,29637.14,7.36,FEM
SHGA250923,29649.94,2.32,FEM
SHGA250923,29654.3,1.24,FEM
SHGA250923,29655.74,0.96,KCHI
SHGA250923,29656.74,0.92,FEM
SHGA250923,29656.84,0.74,KCHI
SHGA250923,29658.32,0.3,OCH
SHGA250923,29658.96,0.4,KCHI
SHGA250923,29660.06,1.72,FEM
SHGA250923,29662.94,3.02,FEM
SHGA250923,29668.32,1.9,FEM
SHGA250923,29670.9,3.38,FEM
SHGA250923,29675.86,2.62,FEM
SHGA250923,29678.86,1.94,FEM
SHGA250923,29684.02,2.8,FEM
SHGA250923,29686.82,0.9,MAL
SHGA250923,29692.48,2.3,FEM
SHGA250923,29694.78,1.06,MAL
SHGA250923,29699.64,0.32,MAL
SHGA250923,29699.96,1.84,FEM
SHGA250923,29705.8,0.92,KCHI
SHGA250923,29707.42,0.96,KCHI
SHGA250923,29709.26,0.56,FEM
SHGA250923,29710.7,0.58,KCHI
SHGA250923,29713.06,0.9,KCHI
SHGA250923,29714.12,0.56,FEM
SHGA250923,29714.76,2.62,KCHI
SHGA250923,29716.3,9.26,FEM
SHGA250923,29726.1,0.52,FEM
SHGA250923,29726.98,1.4,FEM
SHGA250923,29728.9,3.02,FEM
SHGA250923,29730.32,0.28,KCHI
SHGA250923,29733.58,0.36,FEM
SHGA250923,29734.58,1.4,FEM
SHGA250923,29736.82,1.38,FEM
SHGA250923,29737.5,2.46,KCHI
SHGA250923,29738.64,1.74,FEM
SHGA250923,29742.28,2.0,FEM
SHGA250923,29745.62,0.78,FEM
SHGA250923,29746.52,11.6,FEM
SHGA250923,29762.58,5.02,FEM
SHGA250923,29771.18,1.66,FEM
SHGA250923,29773.36,0.54,MAL
SHGA250923,29773.8,7.8,FEM
SHGA250923,29781.82,4.5,FEM
SHGA250923,29785.12,0.32,KCHI
SHGA250923,29786.92,2.6,FEM
SHGA250923,29789.0,0.3,KCHI
SHGA250923,29790.38,0.7,FEM
SHGA250923,29791.58,0.84,KCHI
SHGA250923,29792.32,1.96,FEM
SHGA250923,29793.2,0.26,KCHI
SHGA250923,29793.92,0.64,KCHI
SHGA250923,29794.66,0.78,MAL
SHGA250923,29794.76,3.04,FEM
SHGA250923,29797.12,0.2,MAL
SHGA250923,29798.26,5.28,FEM
SHGA250923,29799.74,0.58,KCHI
SHGA250923,29803.36,2.1,MAL
SHGA250923,29805.34,0.62,KCHI
SHGA250923,29805.94,0.28,MAL
SHGA250923,29806.74,2.46,FEM
SHGA250923,29810.96,4.82,FEM
SHGA250923,29816.16,3.66,FEM
SHGA250923,29820.5,0.84,FEM
SHGA250923,29823.34,3.82,FEM
SHGA250923,29823.56,1.0,MAL
SHGA250923,29827.78,1.92,FEM
SHGA250923,29830.1,2.0,FEM
SHGA250923,29832.48,2.5,FEM
SHGA250923,29836.58,2.76,FEM
SHGA250923,29840.18,4.12,FEM
SHGA250923,29842.68,1.44,KCHI
SHGA250923,29844.58,2.04,FEM
SHGA250923,29848.28,2.7,FEM
SHGA250923,29850.78,0.86,KCHI
SHGA250923,29852.22,1.68,FEM
SHGA250923,29853.66,0.6,KCHI
SHGA250923,29854.7,7.34,FEM
SHGA250923,29861.94,0.48,KCHI
SHGA250923,29862.48,0.22,FEM
SHGA250923,29863.14,1.24,FEM
SHGA250923,29864.32,1.02,KCHI
SHGA250923,29865.24,4.02,FEM
SHGA250923,29869.9,1.3,KCHI
SHGA250923,29871.3,1.06,FEM
SHGA250923,29872.8,1.64,FEM
SHGA250923,29874.44,0.48,KCHI
SHGA250923,29876.58,1.28,FEM
SHGA250923,29878.2,1.32,MAL
SHGA250923,29878.56,1.5,FEM
SHGA250923,29880.16,3.02,KCHI
SHGA250923,29883.9,0.94,FEM
SHGA250923,29884.14,0.32,KCHI
SHGA250923,29885.28,1.46,FEM
SHGA250923,29890.5,1.4,KCHI
SHGA250923,29892.02,1.54,FEM
SHGA250923,29893.12,0.66,KCHI
SHGA250923,29893.72,0.24,FEM
SHGA250923,29893.78,0.42,OCH
SHGA250923,29894.08,3.74,FEM
SHGA250923,29897.1,1.26,KCHI
SHGA250923,29898.12,2.42,FEM
SHGA250923,29900.48,0.72,KCHI
SHGA250923,29901.06,1.0,FEM
SHGA250923,29901.82,2.36,KCHI
SHGA250923,29903.32,1.4,FEM
SHGA250923,29904.36,1.9,KCHI
SHGA250923,29906.22,0.76,FEM
SHGA250923,29907.3,2.14,KCHI
SHGA250923,29908.36,0.68,FEM
SHGA250923,29909.7,2.54,KCHI
SHGA250923,29910.0,0.7,FEM
SHGA250923,29912.14,0.86,MAL
SHGA250923,29913.68,0.46,KCHI
SHGA250923,29914.16,2.26,MAL
SHGA250923,29923.02,1.04,FEM
SHGA250923,29924.22,0.22,FEM
SHGA250923,29924.54,0.24,FEM
SHGA250923,29929.6,3.98,FEM
SHGA250923,29935.32,0.76,MAL
SHGA250923,29936.08,0.72,FEM
SHGA250923,29937.92,1.1,OCH
SHGA250923,29939.22,3.8,FEM
SHGA250923,29941.28,0.26,KCHI
SHGA250923,29942.06,0.9,KCHI
SHGA250923,29943.16,0.88,FEM
SHGA250923,29943.78,0.3,KCHI
SHGA250923,29944.52,2.84,KCHI
SHGA250923,29944.7,2.72,FEM
SHGA250923,29947.68,0.62,KCHI
SHGA250923,29947.82,1.08,FEM
SHGA250923,29948.46,0.92,KCHI
SHGA250923,29949.42,3.92,FEM
SHGA250923,29953.28,0.2,OCH
SHGA250923,29953.5,0.32,KCHI
SHGA250923,29953.56,2.62,FEM
SHGA250923,29954.1,0.52,KCHI
SHGA250923,29955.34,1.58,KCHI
SHGA250923,29957.04,2.08,FEM
SHGA250923,29957.14,4.3,KCHI
SHGA250923,29961.82,5.04,FEM
SHGA250923,29966.8,2.16,KCHI
SHGA250923,29968.96,3.14,FEM
SHGA250923,29969.96,0.82,KCHI
SHGA250923,29971.8,1.32,KCHI
SHGA250923,29972.94,3.18,FEM
SHGA250923,29974.62,1.3,KCHI
SHGA250923,29976.7,1.6,FEM
SHGA250923,29976.78,0.58,KCHI
SHGA250923,29979.96,0.6,FEM
SHGA250923,29981.56,3.92,FEM
SHGA250923,29983.94,1.38,OCH
SHGA250923,29988.14,0.58,KCHI
SHGA250923,29988.72,0.58,FEM
SHGA250923,29989.3,1.2,MAL
SHGA250923,29991.94,3.96,FEM
SHGA250923,29994.3,0.12,OCH
SHGA250923,29994.54,2.72,OCH
SHGA250923,29998.36,2.02,FEM
SHGA250923,30000.02,0.18,KCHI
SHGA250923,30000.7,1.06,FEM
SHGA250923,30002.4,5.56,FEM
SHGA250923,30008.76,2.54,FEM
SHGA250923,30010.68,1.04,MAL
SHGA250923,30011.96,0.38,MAL
SHGA250923,30012.36,2.44,FEM
SHGA250923,30016.62,0.72,KCHI
SHGA250923,30016.9,2.66,FEM
SHGA250923,30017.7,0.38,KCHI
SHGA250923,30018.48,0.48,KCHI
SHGA250923,30019.16,1.06,KCHI
SHGA250923,30019.94,1.98,FEM
SHGA250923,30021.88,1.52,KCHI
SHGA250923,30023.34,0.82,FEM
SHGA250923,30023.82,0.6,KCHI
SHGA250923,30025.12,0.98,OCH
SHGA250923,30026.28,6.64,FEM
SHGA250923,30027.3,0.48,KCHI
SHGA250923,30033.08,0.4,OCH
SHGA250923,30033.46,3.6,FEM
SHGA250923,30036.78,0.28,OCH
SHGA250923,30037.06,0.26,KCHI
SHGA250923,30037.4,6.46,FEM
SHGA250923,30038.1,1.12,KCHI
SHGA250923,30040.88,0.16,KCHI
SHGA250923,30045.02,1.92,MAL
SHGA250923,30047.48,1.3,KCHI
SHGA250923,30052.14,8.8,FEM
SHGA250923,30055.08,1.7,KCHI
SHGA250923,30062.12,0.54,FEM
SHGA250923,30062.92,3.08,FEM
SHGA250923,30067.04,0.44,FEM
SHGA250923,30068.74,13.74,FEM
SHGA250923,30068.9,1.38,KCHI
SHGA250923,30084.02,10.58,FEM
SHGA250923,30094.84,5.24,FEM
SHGA250923,30101.44,3.28,FEM
SHGA250923,30105.14,0.56,OCH
SHGA250923,30105.7,2.7,MAL
SHGA250923,30108.7,0.38,OCH
SHGA250923,30108.9,0.7,MAL
SHGA250923,30109.3,1.44,OCH
SHGA250923,30110.18,0.26,KCHI
SHGA250923,30110.6,2.72,MAL
SHGA250923,30113.48,1.1,FEM
SHGA250923,30114.56,1.88,MAL
SHGA250923,30116.66,2.14,FEM
SHGA250923,30119.22,3.4,FEM
SHGA250923,30125.1,2.94,MAL
SHGA250923,30128.06,0.54,FEM
SHGA250923,30130.12,1.36,MAL
SHGA250923,30131.84,2.5,FEM
SHGA250923,30136.56,0.46,FEM
SHGA250923,30136.56,1.28,KCHI
SHGA250923,30137.96,1.44,FEM
SHGA250923,30142.58,0.12,KCHI
SHGA250923,30145.12,0.24,OCH
SHGA250923,30149.02,2.58,MAL
SHGA250923,30152.48,2.84,FEM
SHGA250923,30156.84,0.84,MAL
SHGA250923,30158.16,1.52,MAL
SHGA250923,30160.44,1.7,OCH
SHGA250923,30162.12,1.54,MAL
SHGA250923,30167.62,0.64,KCHI
SHGA250923,30168.24,3.6,FEM
SHGA250923,30171.8,0.3,KCHI
SHGA250923,30171.98,1.62,FEM
SHGA250923,30174.06,1.24,FEM
SHGA250923,30178.82,0.4,KCHI
SHGA250923,30180.34,0.4,OCH
SHGA250923,30181.38,0.7,OCH
SHGA250923,30183.2,0.74,OCH
SHGA250923,30185.06,9.08,FEM
SHGA250923,30189.56,0.46,OCH
SHGA250923,30190.84,1.0,OCH
SHGA250923,30191.96,0.18,OCH
SHGA250923,30196.26,2.84,KCHI
SHGA250923,30200.24,2.86,KCHI
SHGA250923,30203.2,3.46,FEM
SHGA250923,30206.94,0.84,KCHI
SHGA250923,30208.2,0.16,FEM
SHGA250923,30208.54,16.98,FEM
SHGA250923,30216.16,0.12,KCHI
SHGA250923,30226.02,4.76,FEM
SHGA250923,30230.88,0.66,FEM
SHGA250923,30232.08,1.68,KCHI
SHGA250923,30234.18,4.72,FEM
SHGA250923,30239.24,3.1,FEM
SHGA250923,30240.36,1.04,KCHI
SHGA250923,30242.06,0.54,KCHI
SHGA250923,30244.14,0.72,KCHI
SHGA250923,30244.9,4.66,FEM
SHGA250923,30248.74,0.58,KCHI
SHGA250923,30252.1,1.24,FEM
SHGA250923,30253.92,1.6,MAL
SHGA250923,30255.96,0.26,KCHI
SHGA250923,30256.24,5.12,FEM
SHGA250923,30258.82,0.24,KCHI
SHGA250923,30259.94,0.14,KCHI
SHGA250923,30260.3,0.6,KCHI
SHGA250923,30261.68,2.98,KCHI
SHGA250923,30262.32,3.94,FEM
SHGA250923,30266.66,0.92,FEM
SHGA250923,30268.96,1.1,MAL
SHGA250923,30269.18,6.68,FEM
SHGA250923,30274.72,1.14,KCHI
SHGA250923,30282.98,2.06,FEM
SHGA250923,30285.52,5.98,FEM
SHGA250923,30292.16,4.8,FEM
SHGA250923,30297.82,9.56,FEM
SHGA250923,30299.74,0.76,KCHI
SHGA250923,30302.14,0.56,KCHI
SHGA250923,30307.18,4.5,KCHI
SHGA250923,30308.44,1.86,FEM
SHGA250923,30318.04,1.6,FEM
SHGA250923,30327.6,4.14,KCHI
SHGA250923,30328.78,1.0,FEM
SHGA250923,30336.12,2.96,OCH
SHGA250923,30339.54,0.28,FEM
SHGA250923,30339.54,3.98,KCHI
SHGA250923,30343.66,1.58,KCHI
SHGA250923,30345.6,3.18,KCHI
SHGA250923,30348.78,2.4,FEM
SHGA250923,30352.84,0.58,KCHI
SHGA250923,30355.76,2.46,FEM
SHGA250923,30356.38,0.62,KCHI
SHGA250923,30358.16,1.8,KCHI
SHGA250923,30361.42,0.44,KCHI
SHGA250923,30362.66,0.36,FEM
SHGA250923,30386.88,0.4,KCHI
SHGA250923,30392.12,0.66,KCHI
SHGA250923,30394.56,0.7,KCHI
SHGA250923,30419.28,3.8,FEM
SHGA250923,30419.7,2.4,OCH
SHGA250923,30422.58,1.5,KCHI
SHGA250923,30423.8,1.44,FEM
SHGA250923,30424.54,1.54,KCHI
SHGA250923,30425.66,1.02,FEM
SHGA250923,30426.84,1.54,FEM
SHGA250923,30428.34,0.98,KCHI
SHGA250923,30429.62,0.6,FEM
SHGA250923,30429.7,0.86,KCHI
SHGA250923,30431.08,0.98,FEM
SHGA250923,30432.82,8.1,FEM
SHGA250923,30435.68,0.38,KCHI
SHGA250923,30436.22,0.16,KCHI
SHGA250923,30444.78,6.2,FEM
SHGA250923,30450.98,0.3,KCHI
SHGA250923,30455.74,0.52,KCHI
SHGA250923,30456.14,1.6,FEM
SHGA250923,30456.44,0.4,KCHI
SHGA250923,30460.54,9.56,FEM
SHGA250923,30461.78,0.42,KCHI
SHGA250923,30471.3,3.46,FEM
SHGA250923,30474.86,1.1,KCHI
SHGA250923,30475.98,7.12,FEM
SHGA250923,30477.32,0.68,KCHI
SHGA250923,30480.42,0.98,KCHI
SHGA250923,30484.8,6.44,FEM
SHGA250923,30492.1,3.52,FEM
SHGA250923,30497.38,0.76,KCHI
SHGA250923,30506.6,0.2,KCHI
SHGA250923,30506.7,3.14,FEM
SHGA250923,30510.08,0.78,FEM
SHGA250923,30511.0,4.9,FEM
SHGA250923,30516.06,3.82,FEM
SHGA250923,30519.66,1.24,KCHI
SHGA250923,30523.76,1.82,FEM
SHGA250923,30534.56,0.18,KCHI
SHGA250923,30535.12,0.44,MAL
SHGA250923,30535.88,0.62,MAL
SHGA250923,30537.76,0.52,MAL
SHGA250923,30538.58,0.86,FEM
SHGA250923,30539.28,1.28,MAL
SHGA250923,30541.48,1.02,MAL
SHGA250923,30548.76,2.62,FEM
SHGA250923,30552.42,2.88,FEM
SHGA250923,30557.1,1.34,MAL
SHGA250923,30558.44,1.92,FEM
SHGA250923,30560.68,1.74,FEM
SHGA250923,30566.4,0.16,KCHI
SHGA250923,30567.28,6.14,FEM
SHGA250923,30570.26,0.12,KCHI
SHGA250923,30573.7,2.68,KCHI
SHGA250923,30584.78,0.82,FEM
SHGA250923,30590.28,3.34,FEM
SHGA250923,30594.16,0.5,FEM
SHGA250923,30595.18,0.9,FEM
SHGA250923,30599.18,1.88,MAL
SHGA250923,30606.2,1.22,FEM
SHGA250923,30635.88,2.88,FEM
SHGA250923,30640.14,2.48,FEM
SHGA250923,30641.74,0.86,KCHI
SHGA250923,30643.06,1.38,FEM
SHGA250923,30644.0,0.82,KCHI
SHGA250923,30646.32,0.4,FEM
SHGA250923,30650.48,1.48,KCHI
SHGA250923,30652.42,0.18,FEM
SHGA250923,30652.96,1.36,FEM
SHGA250923,30690.42,2.02,FEM
SHGA250923,30696.28,3.62,FEM
SHGA250923,30709.32,0.36,FEM
SHGA250923,30711.84,1.82,OCH
SHGA250923,30713.1,0.56,FEM
SHGA250923,30724.14,0.2,FEM
SHGA250923,30727.1,1.32,FEM
SHGA250923,30727.76,1.26,KCHI
SHGA250923,30728.58,7.72,FEM
SHGA250923,30735.38,1.52,KCHI
SHGA250923,30736.88,0.54,OCH
SHGA250923,30740.56,0.96,FEM
SHGA250923,30741.52,0.32,KCHI
SHGA250923,30744.18,3.74,KCHI
SHGA250923,30745.9,0.98,FEM
SHGA250923,30747.2,0.12,OCH
SHGA250923,30748.04,0.4,OCH
SHGA250923,30748.82,0.66,MAL
SHGA250923,30749.8,0.76,MAL
SHGA250923,30751.1,2.0,FEM
SHGA250923,30753.46,0.82,MAL
SHGA250923,30754.36,3.08,FEM
SHGA250923,30757.0,0.86,KCHI
SHGA250923,30757.64,0.94,FEM
SHGA250923,30759.24,0.82,KCHI
SHGA250923,30760.14,1.5,FEM
SHGA250923,30761.7,1.32,KCHI
SHGA250923,30762.2,3.2,FEM
SHGA250923,30764.46,0.4,KCHI
SHGA250923,30765.4,1.1,OCH
SHGA250923,30765.68,1.34,KCHI
SHGA250923,30767.86,0.9,KCHI
SHGA250923,30771.58,0.32,KCHI
SHGA250923,30772.5,1.74,KCHI
SHGA250923,30773.24,1.0,FEM
SHGA250923,30774.44,1.74,KCHI
SHGA250923,30777.24,1.44,MAL
SHGA250923,30778.5,1.2,KCHI
SHGA250923,30779.78,0.78,FEM
SHGA250923,30789.12,0.5,KCHI
SHGA250923,30796.26,1.64,FEM
SHGA250923,30818.02,0.16,MAL
SHGA250923,30820.22,0.9,MAL
SHGA250923,30830.56,0.7,FEM
SHGA250923,30836.72,0.32,KCHI
SHGA250923,30842.7,2.24,FEM
SHGA250923,30849.82,0.36,OCH
SHGA250923,30856.94,1.4,FEM
SHGA250923,30864.78,1.66,KCHI
SHGA250923,30866.44,0.64,MAL
SHGA250923,30867.84,1.0,MAL
SHGA250923,30870.22,2.64,FEM
SHGA250923,30878.86,2.96,FEM
SHGA250923,30880.82,0.76,KCHI
SHGA250923,30888.78,2.74,FEM
SHGA250923,30892.48,0.28,FEM
SHGA250923,30896.74,1.12,KCHI
SHGA250923,30897.62,1.88,FEM
SHGA250923,30902.26,1.32,FEM
SHGA250923,30908.68,0.44,KCHI
SHGA250923,30911.2,0.8,MAL
SHGA250923,30921.94,0.24,FEM
SHGA250923,30922.32,0.84,FEM
SHGA250923,30924.6,0.92,KCHI
SHGA250923,30925.64,0.14,FEM
SHGA250923,30925.88,0.44,KCHI
SHGA250923,30926.7,1.88,FEM
SHGA250923,30953.4,0.98,FEM
SHGA250923,30955.0,3.24,FEM
SHGA250923,30964.76,2.02,FEM
SHGA250923,30967.12,0.5,FEM
SHGA250923,30992.26,0.34,KCHI
SHGA250923,30995.44,0.36,KCHI
SHGA250923,31005.44,1.96,FEM
SHGA250923,31027.48,4.34,FEM
SHGA250923,31047.32,0.66,OCH
SHGA250923,31047.98,2.32,FEM
SHGA250923,31052.62,1.18,OCH
SHGA250923,31069.48,0.8,OCH
SHGA250923,31071.86,0.36,KCHI
SHGA250923,31078.04,1.78,FEM
SHGA250923,31083.82,1.46,FEM
SHGA250923,31092.5,0.38,FEM
SHGA250923,31094.7,0.88,FEM
SHGA250923,31102.86,0.46,FEM
SHGA250923,31111.74,0.7,FEM
SHGA250923,31115.64,1.16,FEM
SHGA250923,31115.64,2.34,KCHI
SHGA250923,31117.72,1.42,FEM
SHGA250923,31120.7,3.08,FEM
SHGA250923,31120.76,2.84,KCHI
SHGA250923,31124.66,1.72,FEM
SHGA250923,31127.58,3.98,FEM
SHGA250923,31132.3,0.88,KCHI
SHGA250923,31132.36,1.06,FEM
SHGA250923,31134.68,0.86,FEM
SHGA250923,31139.52,0.28,KCHI
SHGA250923,31140.24,0.74,FEM
SHGA250923,31141.12,0.24,FEM
SHGA250923,31141.56,0.76,FEM
SHGA250923,31177.56,1.76,FEM
SHGA250923,31188.82,0.68,FEM
SHGA250923,31194.64,1.7,FEM
SHGA250923,31197.6,1.62,FEM
SHGA250923,31240.06,2.52,FEM
SHGA250923,31246.98,0.74,KCHI
SHGA250923,31248.24,0.72,KCHI
SHGA250923,31249.18,0.92,FEM
SHGA250923,31249.44,0.6,MAL
SHGA250923,31256.8,1.58,FEM
SHGA250923,31258.92,2.06,FEM
SHGA250923,31261.46,0.74,FEM
SHGA250923,31266.16,1.04,FEM
SHGA250923,31268.84,3.9,FEM
SHGA250923,31271.2,0.18,KCHI
SHGA250923,31272.66,1.52,KCHI
SHGA250923,31274.14,1.7,FEM
SHGA250923,31275.26,0.58,KCHI
SHGA250923,31276.52,1.9,FEM
SHGA250923,31278.92,4.58,FEM
SHGA250923,31284.84,2.28,FEM
SHGA250923,31289.0,1.56,FEM
SHGA250923,31295.24,2.34,FEM
SHGA250923,31297.6,0.56,KCHI
SHGA250923,31298.42,2.64,FEM
SHGA250923,31301.96,3.08,FEM
SHGA250923,31306.68,3.42,FEM
SHGA250923,31312.12,1.62,FEM
SHGA250923,31314.64,0.38,KCHI
SHGA250923,31315.16,0.84,FEM
SHGA250923,31315.94,1.32,KCHI
SHGA250923,31317.76,0.44,KCHI
SHGA250923,31318.38,2.22,FEM
SHGA250923,31318.56,1.06,KCHI
SHGA250923,31320.28,1.48,KCHI
SHGA250923,31322.24,1.7,KCHI
SHGA250923,31322.98,1.74,FEM
SHGA250923,31324.76,1.22,KCHI
SHGA250923,31325.84,4.72,FEM
SHGA250923,31329.78,0.68,OCH
SHGA250923,31331.12,0.36,FEM
SHGA250923,31333.08,0.76,FEM
SHGA250923,31334.8,1.18,FEM
SHGA250923,31336.92,0.14,FEM
SHGA250923,31337.2,0.34,FEM
SHGA250923,31338.72,1.68,FEM
SHGA250923,31340.74,1.3,FEM
SHGA250923,31340.8,0.3,MAL
SHGA250923,31341.22,0.16,MAL
SHGA250923,31341.9,1.98,MAL
SHGA250923,31349.34,0.24,FEM
SHGA250923,31350.0,0.46,FEM
SHGA250923,31350.96,1.48,MAL
SHGA250923,31354.62,5.02,FEM
SHGA250923,31366.38,0.88,KCHI
SHGA250923,31366.82,0.7,FEM
SHGA250923,31367.7,0.32,FEM
SHGA250923,31369.5,0.66,FEM
SHGA250923,31372.36,1.5,FEM
SHGA250923,31391.74,1.26,FEM
SHGA250923,31393.32,0.68,FEM
SHGA250923,31399.28,1.66,FEM
SHGA250923,31401.04,1.16,FEM
SHGA250923,31408.16,0.58,FEM
SHGA250923,31408.98,0.36,FEM
SHGA250923,31410.52,0.98,MAL
SHGA250923,31412.34,0.84,MAL
SHGA250923,31414.52,0.66,FEM
SHGA250923,31417.68,4.3,FEM
SHGA250923,31434.7,0.6,MAL
SHGA250923,31435.7,0.98,MAL
SHGA250923,31436.32,0.26,FEM
SHGA250923,31437.32,0.32,MAL
SHGA250923,31439.46,1.32,FEM
SHGA250923,31441.12,0.88,FEM
SHGA250923,31447.54,1.66,FEM
SHGA250923,31449.54,0.42,FEM
SHGA250923,31450.92,0.96,FEM
SHGA250923,31453.94,3.12,FEM
SHGA250923,31457.92,1.14,KCHI
SHGA250923,31459.86,1.9,FEM
SHGA250923,31463.68,0.1,FEM
SHGA250923,31464.22,1.66,FEM
SHGA250923,31469.86,1.24,FEM
SHGA250923,31471.48,1.68,FEM
SHGA250923,31478.4,0.36,FEM
SHGA250923,31478.9,0.44,FEM
SHGA250923,31486.42,3.24,OCH
SHGA250923,31486.98,0.62,FEM
SHGA250923,31489.5,0.26,FEM
SHGA250923,31493.74,1.0,MAL
SHGA250923,31495.18,1.22,MAL
SHGA250923,31500.34,1.28,FEM
SHGA250923,31513.64,1.72,FEM
SHGA250923,31515.58,1.78,FEM
SHGA250923,31517.94,3.96,FEM
SHGA250923,31522.84,1.14,FEM
SHGA250923,31525.58,1.22,FEM
SHGA250923,31527.64,0.48,FEM
SHGA250923,31529.12,2.2,FEM
SHGA250923,31542.84,1.06,FEM
SHGA250923,31544.08,0.18,FEM
SHGA250923,31550.74,0.46,FEM
SHGA250923,31554.62,0.56,FEM
SHGA250923,31556.18,0.2,FEM
SHGA250923,31556.52,0.54,FEM
SHGA250923,31561.4,0.9,FEM
SHGA250923,31562.62,0.82,FEM
SHGA250923,31564.18,2.62,FEM
SHGA250923,31567.34,1.36,FEM
SHGA250923,31569.36,0.6,FEM
SHGA250923,31571.56,0.58,MAL
SHGA250923,31572.46,0.88,MAL
SHGA250923,31574.36,0.94,FEM
SHGA250923,31575.4,3.8,FEM
SHGA250923,31579.68,3.2,FEM
SHGA250923,31583.12,1.54,FEM
SHGA250923,31584.84,0.12,FEM
SHGA250923,31585.16,0.12,FEM
SHGA250923,31596.7,1.16,FEM
SHGA250923,31604.06,0.48,FEM
SHGA250923,31608.3,0.86,FEM
SHGA250923,31611.48,0.58,FEM
SHGA250923,31614.94,0.96,FEM
SHGA250923,31617.12,0.32,KCHI
SHGA250923,31617.46,1.66,FEM
SHGA250923,31620.02,0.36,FEM
SHGA250923,31620.52,0.36,FEM
SHGA250923,31622.34,0.34,MAL
SHGA250923,31622.5,4.28,FEM
SHGA250923,31627.0,0.18,FEM
SHGA250923,31627.54,0.32,KCHI
SHGA250923,31627.94,1.12,FEM
SHGA250923,31637.02,2.0,FEM
SHGA250923,31639.14,1.54,FEM
SHGA250923,31640.82,0.18,FEM
SHGA250923,31643.62,0.9,KCHI
SHGA250923,31644.98,1.04,FEM
SHGA250923,31646.44,1.1,KCHI
SHGA250923,31647.4,3.24,FEM
SHGA250923,31648.38,0.58,KCHI
SHGA250923,31650.26,0.78,KCHI
SHGA250923,31651.02,3.28,FEM
SHGA250923,31652.62,0.32,KCHI
SHGA250923,31654.92,1.16,FEM
SHGA250923,31656.92,0.5,FEM
SHGA250923,31658.02,1.66,FEM
SHGA250923,31660.9,3.74,KCHI
SHGA250923,31661.64,0.66,FEM
SHGA250923,31662.56,1.24,FEM
SHGA250923,31666.58,4.02,FEM
SHGA250923,31670.24,1.96,KCHI
SHGA250923,31671.94,2.16,FEM
SHGA250923,31674.08,2.24,KCHI
SHGA250923,31675.44,1.38,FEM
SHGA250923,31676.82,2.14,KCHI
SHGA250923,31680.8,0.9,MAL
SHGA250923,31681.78,0.82,FEM
SHGA250923,31683.3,11.8,FEM
SHGA250923,31685.74,0.48,OCH
SHGA250923,31686.22,2.36,KCHI
SHGA250923,31690.5,1.66,KCHI
SHGA250923,31695.32,1.4,KCHI
SHGA250923,31696.72,2.6,FEM
SHGA250923,31697.64,2.14,KCHI
SHGA250923,31700.7,1.48,KCHI
SHGA250923,31702.92,2.76,FEM
SHGA250923,31707.76,2.78,FEM
SHGA250923,31709.0,1.3,KCHI
SHGA250923,31711.1,1.86,KCHI
SHGA250923,31712.62,1.62,FEM
SHGA250923,31713.9,1.02,KCHI
SHGA250923,31714.66,1.02,FEM
SHGA250923,31715.88,1.76,KCHI
SHGA250923,31718.12,1.64,KCHI
SHGA250923,31720.6,2.26,KCHI
SHGA250923,31724.0,2.84,KCHI
SHGA250923,31726.84,3.1,FEM
SHGA250923,31729.98,0.38,MAL
SHGA250923,31730.52,1.86,FEM
SHGA250923,31733.2,1.16,FEM
SHGA250923,31735.2,1.92,FEM
SHGA250923,31737.64,3.88,FEM
SHGA250923,31741.86,1.58,FEM
SHGA250923,31743.4,0.5,KCHI
SHGA250923,31748.46,2.92,FEM
SHGA250923,31752.44,0.74,KCHI
SHGA250923,31753.12,1.04,FEM
SHGA250923,31754.56,0.7,KCHI
SHGA250923,31756.02,2.32,FEM
SHGA250923,31756.28,1.68,KCHI
SHGA250923,31758.34,2.06,KCHI
SHGA250923,31760.74,2.14,FEM
SHGA250923,31764.7,4.46,FEM
SHGA250923,31770.48,1.0,FEM
SHGA250923,31771.46,0.88,KCHI
SHGA250923,31779.28,1.98,FEM
SHGA250923,31781.16,4.22,KCHI
SHGA250923,31786.66,2.96,KCHI
SHGA250923,31793.38,4.5,KCHI
SHGA250923,31798.08,1.18,KCHI
SHGA250923,31804.18,2.76,KCHI
SHGA250923,31807.24,0.92,FEM
SHGA250923,31808.16,0.42,KCHI
SHGA250923,31827.08,0.98,FEM
SHGA250923,31830.24,1.8,FEM
SHGA250923,31844.64,0.24,FEM
SHGA250923,31845.02,0.82,FEM
SHGA250923,31848.2,1.3,FEM
SHGA250923,31849.64,2.3,FEM
SHGA250923,31854.1,1.46,FEM
SHGA250923,31859.06,0.84,FEM
SHGA250923,31861.82,1.46,KCHI
SHGA250923,31867.56,0.3,FEM
SHGA250923,31879.8,0.42,KCHI
SHGA250923,31887.76,0.78,FEM
SHGA250923,31887.8,0.12,KCHI
SHGA250923,31888.92,1.36,FEM
SHGA250923,31891.18,1.26,FEM
SHGA250923,31895.72,0.6,FEM
SHGA250923,31900.5,0.28,KCHI
SHGA250923,31903.36,0.26,KCHI
SHGA250923,31911.64,1.98,FEM
SHGA250923,31912.34,0.18,KCHI
SHGA250923,31913.2,1.26,KCHI
SHGA250923,31915.62,1.96,FEM
SHGA250923,31918.46,1.14,KCHI
SHGA250923,31920.66,0.2,KCHI
SHGA250923,31921.1,0.94,FEM
SHGA250923,31921.2,1.14,KCHI
SHGA250923,31922.56,1.34,KCHI
SHGA250923,31924.04,3.52,FEM
SHGA250923,31926.3,0.2,KCHI
SHGA250923,31928.96,0.58,FEM
SHGA250923,31930.44,1.1,FEM
SHGA250923,31931.12,0.1,KCHI
SHGA250923,31931.36,0.18,KCHI
SHGA250923,31933.48,0.38,KCHI
SHGA250923,31934.36,4.22,KCHI
SHGA250923,31938.6,0.9,FEM
SHGA250923,31939.5,1.68,KCHI
SHGA250923,31941.32,0.2,KCHI
SHGA250923,31942.44,1.16,KCHI
SHGA250923,31947.46,0.96,KCHI
SHGA250923,31948.42,3.02,FEM
SHGA250923,31951.86,1.2,FEM
SHGA250923,31952.04,0.12,KCHI
SHGA250923,31955.14,2.22,KCHI
SHGA250923,31957.5,0.66,FEM
SHGA250923,31958.96,1.18,FEM
SHGA250923,31960.8,6.12,KCHI
SHGA250923,31965.2,0.14,FEM
SHGA250923,31969.94,1.4,FEM
SHGA250923,31972.96,1.92,FEM
SHGA250923,31975.72,0.18,OCH
SHGA250923,31977.98,1.32,OCH
SHGA250923,31979.94,1.04,FEM
SHGA250923,31981.32,0.98,FEM
SHGA250923,31982.98,0.58,KCHI
SHGA250923,31983.74,1.46,FEM
SHGA250923,31985.72,0.6,KCHI
SHGA250923,31986.62,2.28,FEM
SHGA250923,31988.88,0.62,KCHI
SHGA250923,31989.62,1.42,KCHI
SHGA250923,31991.24,3.98,OCH
SHGA250923,31995.22,3.98,KCHI
SHGA250923,31999.92,1.64,OCH
SHGA250923,32000.56,0.92,KCHI
SHGA250923,32001.6,3.52,FEM
SHGA250923,32002.6,0.22,KCHI
SHGA250923,32003.28,0.28,KCHI
SHGA250923,32004.92,0.68,OCH
SHGA250923,32006.58,0.5,OCH
SHGA250923,32006.64,0.96,FEM
SHGA250923,32008.1,2.3,KCHI
SHGA250923,32008.64,1.58,FEM
SHGA250923,32010.72,0.96,KCHI
SHGA250923,32012.4,0.56,KCHI
SHGA250923,32013.18,0.44,KCHI
SHGA250923,32013.74,1.38,KCHI
SHGA250923,32015.12,0.98,FEM
SHGA250923,32015.52,0.98,KCHI
SHGA250923,32016.68,2.1,FEM
SHGA250923,32020.54,1.14,FEM
SHGA250923,32025.94,0.48,KCHI
SHGA250923,32026.66,0.4,OCH
SHGA250923,32027.26,1.44,FEM
SHGA250923,32027.72,0.18,KCHI
SHGA250923,32028.68,0.44,KCHI
SHGA250923,32030.02,0.56,KCHI
SHGA250923,32031.14,0.88,KCHI
SHGA250923,32031.92,1.14,FEM
SHGA250923,32033.4,0.46,KCHI
SHGA250923,32033.82,0.84,FEM
SHGA250923,32034.62,0.4,KCHI
SHGA250923,32035.28,0.36,KCHI
SHGA250923,32035.36,0.18,OCH
SHGA250923,32035.76,0.26,OCH
SHGA250923,32035.86,0.28,KCHI
SHGA250923,32036.22,2.64,OCH
SHGA250923,32036.76,1.18,KCHI
SHGA250923,32039.0,0.66,KCHI
SHGA250923,32039.58,0.9,FEM
SHGA250923,32040.42,1.4,KCHI
SHGA250923,32042.12,0.86,FEM
SHGA250923,32042.5,1.62,KCHI
SHGA250923,32044.56,2.4,KCHI
SHGA250923,32047.12,3.6,OCH
SHGA250923,32050.76,0.16,MAL
SHGA250923,32050.94,1.86,KCHI
SHGA250923,32053.2,2.84,KCHI
SHGA250923,32058.96,0.48,KCHI
SHGA250923,32062.96,0.12,OCH
SHGA250923,32064.7,0.4,OCH
SHGA250923,32066.86,0.72,KCHI
SHGA250923,32068.0,1.0,KCHI
SHGA250923,32068.26,0.78,FEM
SHGA250923,32069.34,1.12,FEM
SHGA250923,32071.66,0.58,FEM
SHGA250923,32072.24,1.22,KCHI
SHGA250923,32074.44,0.9,KCHI
SHGA250923,32075.62,0.64,FEM
SHGA250923,32077.22,0.46,KCHI
SHGA250923,32078.04,1.72,KCHI
SHGA250923,32081.9,0.58,KCHI
SHGA250923,32082.78,2.3,KCHI
SHGA250923,32086.44,0.32,KCHI
SHGA250923,32087.24,1.34,OCH
SHGA250923,32089.5,0.14,OCH
SHGA250923,32090.12,0.5,OCH
SHGA250923,32090.74,2.8,KCHI
SHGA250923,32094.72,0.14,FEM
SHGA250923,32095.52,0.32,KCHI
SHGA250923,32095.88,1.52,FEM
SHGA250923,32096.1,0.24,KCHI
SHGA250923,32096.86,0.18,KCHI
SHGA250923,32097.4,0.94,KCHI
SHGA250923,32098.58,0.12,OCH
SHGA250923,32101.4,0.12,OCH
SHGA250923,32106.42,0.24,OCH
SHGA250923,32106.66,0.28,KCHI
SHGA250923,32107.18,1.42,FEM
SHGA250923,32108.96,1.52,OCH
SHGA250923,32109.2,0.84,FEM
SHGA250923,32112.06,0.34,KCHI
SHGA250923,32113.68,0.92,FEM
SHGA250923,32113.72,3.22,KCHI
SHGA250923,32118.16,0.44,KCHI
SHGA250923,32118.6,0.66,OCH
SHGA250923,32119.5,0.7,OCH
SHGA250923,32120.32,2.24,OCH
SHGA250923,32122.78,2.9,FEM
SHGA250923,32125.76,0.52,KCHI
SHGA250923,32126.56,2.66,KCHI
SHGA250923,32131.08,0.24,OCH
SHGA250923,32131.5,0.24,OCH
SHGA250923,32131.9,0.46,OCH
SHGA250923,32136.88,1.0,OCH
SHGA250923,32138.5,2.6,OCH
SHGA250923,32141.06,0.82,KCHI
SHGA250923,32142.06,0.22,OCH
SHGA250923,32143.18,1.06,KCHI
SHGA250923,32144.86,0.2,KCHI
SHGA250923,32145.3,0.14,KCHI
SHGA250923,32145.56,0.42,KCHI
SHGA250923,32146.7,1.44,KCHI
SHGA250923,32148.26,0.6,KCHI
SHGA250923,32149.04,0.36,KCHI
SHGA250923,32150.16,0.52,KCHI
SHGA250923,32150.82,0.18,KCHI
SHGA250923,32151.18,0.14,KCHI
SHGA250923,32153.64,0.3,KCHI
SHGA250923,32154.42,1.82,KCHI
SHGA250923,32156.26,1.98,FEM
SHGA250923,32158.18,4.2,KCHI
SHGA250923,32161.66,2.72,FEM
SHGA250923,32163.62,19.78,KCHI
SHGA250923,32167.78,0.44,FEM
SHGA250923,32173.52,0.8,FEM
SHGA250923,32184.14,4.82,KCHI
SHGA250923,32189.9,1.76,FEM
SHGA250923,32192.0,0.74,FEM
SHGA250923,32192.84,0.66,KCHI
SHGA250923,32194.82,0.66,KCHI
SHGA250923,32195.64,0.38,KCHI
SHGA250923,32196.28,0.42,FEM
SHGA250923,32196.74,0.68,KCHI
SHGA250923,32197.78,0.42,KCHI
SHGA250923,32202.18,1.16,KCHI
SHGA250923,32204.22,11.92,KCHI
SHGA250923,32208.66,0.8,FEM
SHGA250923,32216.62,1.48,KCHI
SHGA250923,32218.26,1.74,KCHI
SHGA250923,32219.12,0.16,FEM
SHGA250923,32219.44,0.14,FEM
SHGA250923,32220.32,2.0,FEM
SHGA250923,32222.08,0.58,KCHI
SHGA250923,32223.9,1.1,KCHI
SHGA250923,32224.04,0.86,FEM
SHGA250923,32225.2,0.36,KCHI
SHGA250923,32225.34,1.04,FEM
SHGA250923,32226.7,0.22,OCH
SHGA250923,32226.98,0.42,FEM
SHGA250923,32227.48,2.22,KCHI
SHGA250923,32227.94,0.42,FEM
SHGA250923,32230.04,0.46,KCHI
SHGA250923,32230.64,0.12,KCHI
SHGA250923,32230.94,0.14,KCHI
SHGA250923,32231.24,0.58,OCH
SHGA250923,32231.36,0.16,KCHI
SHGA250923,32232.02,3.22,KCHI
SHGA250923,32235.22,1.28,FEM
SHGA250923,32235.4,0.28,KCHI
SHGA250923,32236.18,0.26,OCH
SHGA250923,32236.74,0.9,KCHI
SHGA250923,32237.6,1.88,FEM
SHGA250923,32237.78,0.22,KCHI
SHGA250923,32238.82,0.12,KCHI
SHGA250923,32239.28,0.1,KCHI
SHGA250923,32239.84,1.2,KCHI
SHGA250923,32240.02,0.12,OCH
SHGA250923,32241.52,2.72,KCHI
SHGA250923,32244.52,1.44,KCHI
SHGA250923,32246.48,1.6,FEM
SHGA250923,32246.5,0.46,KCHI
SHGA250923,32247.82,0.2,KCHI
SHGA250923,32248.14,1.08,KCHI
SHGA250923,32249.38,1.9,KCHI
SHGA250923,32251.06,0.96,FEM
SHGA250923,32252.12,0.34,KCHI
SHGA250923,32252.66,0.3,KCHI
SHGA250923,32254.78,0.12,KCHI
SHGA250923,32255.92,1.98,FEM
SHGA250923,32256.48,0.44,KCHI
SHGA250923,32257.9,1.7,KCHI
SHGA250923,32260.86,0.72,KCHI
SHGA250923,32261.88,1.52,FEM
SHGA250923,32262.96,2.5,KCHI
SHGA250923,32263.76,0.96,FEM
SHGA250923,32265.6,0.92,FEM
SHGA250923,32270.38,1.5,KCHI
SHGA250923,32272.08,0.76,KCHI
SHGA250923,32272.44,1.1,FEM
SHGA250923,32273.3,0.28,KCHI
SHGA250923,32273.82,1.62,KCHI
SHGA250923,32274.14,0.78,FEM
SHGA250923,32277.38,0.42,KCHI
SHGA250923,32277.9,3.88,KCHI
SHGA250923,32280.5,1.7,FEM
SHGA250923,32283.12,1.26,KCHI
SHGA250923,32284.9,0.12,KCHI
SHGA250923,32285.76,1.42,KCHI
SHGA250923,32287.02,0.92,FEM
SHGA250923,32287.84,1.74,KCHI
SHGA250923,32289.86,1.54,FEM
SHGA250923,32291.56,0.26,KCHI
SHGA250923,32292.76,4.2,KCHI
SHGA250923,32297.7,3.06,OCH
SHGA250923,32298.42,0.36,FEM
SHGA250923,32301.68,1.4,KCHI
SHGA250923,32303.28,0.66,KCHI
SHGA250923,32304.2,1.48,KCHI
SHGA250923,32306.38,0.58,KCHI
SHGA250923,32307.12,0.16,KCHI
SHGA250923,32308.44,0.14,KCHI
SHGA250923,32309.1,0.16,KCHI
SHGA250923,32310.7,0.12,OCH
SHGA250923,32311.02,0.7,OCH
SHGA250923,32312.98,0.64,MAL
SHGA250923,32316.94,0.2,OCH
SHGA250923,32317.66,0.66,OCH
SHGA250923,32318.78,2.8,OCH
SHGA250923,32321.58,0.7,FEM
SHGA250923,32323.7,0.12,KCHI
SHGA250923,32324.58,0.74,KCHI
SHGA250923,32325.56,0.88,KCHI
SHGA250923,32327.62,0.46,KCHI
SHGA250923,32329.2,0.6,KCHI
SHGA250923,32330.22,0.34,MAL
SHGA250923,32331.98,0.86,MAL
SHGA250923,32333.3,0.22,OCH
SHGA250923,32338.88,0.22,KCHI
SHGA250923,32341.36,3.72,KCHI
SHGA250923,32346.12,0.18,KCHI
SHGA250923,32346.52,0.16,KCHI
SHGA250923,32346.9,0.16,KCHI
SHGA250923,32349.44,4.58,KCHI
SHGA250923,32354.3,1.78,KCHI
SHGA250923,32356.4,0.5,FEM
SHGA250923,32357.4,0.52,KCHI
SHGA250923,32359.68,0.42,FEM
SHGA250923,32362.04,1.92,FEM
SHGA250923,32364.04,0.88,KCHI
SHGA250923,32365.06,0.3,MAL
SHGA250923,32365.36,3.42,KCHI
SHGA250923,32369.34,1.6,KCHI
SHGA250923,32371.02,0.38,MAL
SHGA250923,32371.36,0.38,KCHI
SHGA250923,32372.04,0.82,KCHI
SHGA250923,32373.54,1.6,MAL
SHGA250923,32375.36,0.16,KCHI
SHGA250923,32376.08,0.16,FEM
SHGA250923,32376.28,1.02,KCHI
SHGA250923,32377.7,0.12,KCHI
SHGA250923,32378.12,0.46,KCHI
SHGA250923,32381.64,2.08,FEM
SHGA250923,32383.2,0.98,KCHI
SHGA250923,32384.18,1.08,FEM
SHGA250923,32384.82,0.44,KCHI
SHGA250923,32385.82,0.5,KCHI
SHGA250923,32386.6,0.6,KCHI
SHGA250923,32387.4,0.38,KCHI
SHGA250923,32388.54,0.54,KCHI
SHGA250923,32389.24,5.0,OCH
SHGA250923,32394.38,0.48,OCH
SHGA250923,32395.18,0.28,OCH
SHGA250923,32396.06,0.16,OCH
SHGA250923,32396.34,0.12,OCH
SHGA250923,32397.2,0.78,KCHI
SHGA250923,32398.08,0.58,KCHI
SHGA250923,32399.26,1.64,KCHI
SHGA250923,32406.72,2.42,KCHI
SHGA250923,32413.34,0.48,OCH
SHGA250923,32414.02,0.5,KCHI
SHGA250923,32415.5,0.62,KCHI
SHGA250923,32416.16,0.94,OCH
SHGA250923,32417.18,0.72,KCHI
SHGA250923,32418.96,3.94,KCHI
SHGA250923,32419.94,1.14,OCH
SHGA250923,32423.44,2.44,KCHI
SHGA250923,32426.44,1.8,OCH
SHGA250923,32427.34,0.3,KCHI
SHGA250923,32428.34,0.22,OCH
SHGA250923,32429.64,0.74,FEM
SHGA250923,32430.52,0.14,KCHI
SHGA250923,32431.12,2.64,FEM
SHGA250923,32433.02,0.78,KCHI
SHGA250923,32434.62,0.12,KCHI
SHGA250923,32441.24,0.68,KCHI
SHGA250923,32442.06,0.62,KCHI
SHGA250923,32444.12,0.18,KCHI
SHGA250923,32444.82,0.12,KCHI
SHGA250923,32445.06,0.94,OCH
SHGA250923,32446.66,0.14,OCH
SHGA250923,32448.8,0.98,OCH
SHGA250923,32450.08,0.46,OCH
SHGA250923,32450.84,0.14,OCH
SHGA250923,32451.64,1.28,OCH
SHGA250923,32464.52,0.28,OCH
SHGA250923,32464.86,2.54,KCHI
SHGA250923,32467.5,0.4,KCHI
SHGA250923,32468.84,1.08,KCHI
SHGA250923,32470.3,2.08,KCHI
SHGA250923,32472.54,0.6,KCHI
SHGA250923,32476.84,2.0,OCH
SHGA250923,32478.58,0.22,KCHI
SHGA250923,32479.48,1.98,OCH
SHGA250923,32481.66,1.86,OCH
SHGA250923,32484.76,1.06,FEM
SHGA250923,32487.22,6.0,KCHI
SHGA250923,32488.78,0.7,FEM
SHGA250923,32492.72,0.36,FEM
SHGA250923,32493.2,1.32,FEM
SHGA250923,32494.9,1.24,FEM
SHGA250923,32495.02,1.68,KCHI
SHGA250923,32496.48,0.14,FEM
SHGA250923,32496.7,2.4,OCH
SHGA250923,32499.44,0.42,KCHI
SHGA250923,32502.34,2.74,KCHI
SHGA250923,32504.66,2.72,OCH
SHGA250923,32505.9,0.84,KCHI
SHGA250923,32507.58,0.48,KCHI
SHGA250923,32509.12,0.58,KCHI
SHGA250923,32510.62,3.0,KCHI
SHGA250923,32511.22,0.4,OCH
SHGA250923,32514.78,1.22,MAL
SHGA250923,32516.24,0.18,MAL
SHGA250923,32516.5,2.76,KCHI
SHGA250923,32519.62,0.34,KCHI
SHGA250923,32519.8,0.78,OCH
SHGA250923,32520.58,0.46,FEM
SHGA250923,32520.58,1.46,KCHI
SHGA250923,32522.68,1.12,KCHI
SHGA250923,32524.02,0.54,OCH
SHGA250923,32524.56,0.64,KCHI
SHGA250923,32528.68,1.94,KCHI
SHGA250923,32531.8,0.22,KCHI
SHGA250923,32532.2,0.32,KCHI
SHGA250923,32533.28,0.46,OCH
SHGA250923,32536.5,0.42,KCHI
SHGA250923,32537.9,0.24,KCHI
SHGA250923,32538.24,0.48,OCH
SHGA250923,32539.08,0.22,KCHI
SHGA250923,32539.1,0.62,OCH
SHGA250923,32539.96,0.32,KCHI
SHGA250923,32540.04,0.44,OCH
SHGA250923,32540.82,0.18,KCHI
SHGA250923,32541.94,0.32,KCHI
SHGA250923,32542.98,0.32,KCHI
SHGA250923,32543.56,0.9,OCH
SHGA250923,32553.24,1.38,KCHI
SHGA250923,32558.98,0.84,KCHI
SHGA250923,32560.4,0.5,KCHI
SHGA250923,32562.7,0.62,KCHI
SHGA250923,32574.5,1.34,KCHI
SHGA250923,32577.38,1.08,MAL
SHGA250923,32580.76,1.0,MAL
SHGA250923,32590.88,0.7,OCH
SHGA250923,32592.56,0.2,MAL
SHGA250923,32593.1,1.08,KCHI
SHGA250923,32600.18,1.98,KCHI
SHGA250923,32617.18,0.34,OCH
SHGA250923,32617.86,0.9,KCHI
SHGA250923,32622.44,0.7,MAL
SHGA250923,32624.06,0.28,OCH
SHGA250923,32624.32,0.22,MAL
SHGA250923,32624.6,1.64,OCH
SHGA250923,32626.52,1.08,MAL
SHGA250923,32627.84,0.2,MAL
SHGA250923,32629.4,0.88,MAL
SHGA250923,32630.86,0.68,MAL
SHGA250923,32631.7,0.32,KCHI
SHGA250923,32632.02,0.52,FEM
SHGA250923,32632.88,0.46,FEM
SHGA250923,32634.84,0.9,KCHI
SHGA250923,32636.08,1.66,MAL
SHGA250923,32639.28,0.46,MAL
SHGA250923,32639.98,2.76,OCH
SHGA250923,32643.1,2.12,OCH
SHGA250923,32648.56,1.38,OCH
SHGA250923,32651.36,0.54,OCH
SHGA250923,32658.64,0.34,FEM
SHGA250923,32666.4,0.18,MAL
SHGA250923,32666.68,0.28,KCHI
SHGA250923,32667.32,0.12,MAL
SHGA250923,32667.54,0.3,MAL
SHGA250923,32671.08,0.48,OCH
SHGA250923,32687.74,1.22,OCH
SHGA250923,32690.08,1.58,OCH
SHGA250923,32699.44,0.24,FEM
SHGA250923,32704.74,0.54,KCHI
SHGA250923,32707.64,2.96,FEM
SHGA250923,32713.1,1.04,FEM
SHGA250923,32715.6,1.04,KCHI
SHGA250923,32716.86,1.16,KCHI
SHGA250923,32717.7,1.88,FEM
SHGA250923,32721.24,1.14,FEM
SHGA250923,32724.24,0.9,KCHI
SHGA250923,32725.08,1.18,FEM
SHGA250923,32726.56,1.16,FEM
SHGA250923,32728.58,0.56,KCHI
SHGA250923,32729.2,1.58,FEM
SHGA250923,32732.0,1.82,FEM
SHGA250923,32735.92,1.34,FEM
SHGA250923,32742.36,1.1,FEM
SHGA250923,32750.78,0.24,OCH
SHGA250923,32753.08,1.58,FEM
SHGA250923,32776.04,3.24,FEM
SHGA250923,32782.6,0.48,OCH
SHGA250923,32783.52,3.16,FEM
SHGA250923,32787.44,0.6,OCH
SHGA250923,32788.14,0.36,FEM
SHGA250923,32790.32,4.7,FEM
SHGA250923,32795.2,5.6,KCHI
SHGA250923,32800.8,1.62,FEM
SHGA250923,32807.76,0.6,KCHI
SHGA250923,32810.76,0.58,KCHI
SHGA250923,32811.38,3.22,FEM
SHGA250923,32811.96,0.24,KCHI
SHGA250923,32815.36,0.26,FEM
SHGA250923,32815.98,0.5,KCHI
SHGA250923,32817.56,0.54,FEM
SHGA250923,32818.46,0.62,KCHI
SHGA250923,32819.28,2.28,KCHI
SHGA250923,32821.68,1.38,FEM
SHGA250923,32823.06,0.42,KCHI
SHGA250923,32823.74,0.32,KCHI
SHGA250923,32827.12,0.66,KCHI
SHGA250923,32828.12,0.52,KCHI
SHGA250923,32828.92,0.36,KCHI
SHGA250923,32829.02,2.0,FEM
SHGA250923,32830.34,0.16,KCHI
SHGA250923,32841.5,1.9,FEM
SHGA250923,32843.38,2.02,KCHI
SHGA250923,32845.38,1.42,FEM
SHGA250923,32846.94,0.96,KCHI
SHGA250923,32848.42,1.68,FEM
SHGA250923,32850.08,1.2,KCHI
SHGA250923,32853.22,1.68,KCHI
SHGA250923,32856.98,0.12,FEM
SHGA250923,32860.56,1.82,KCHI
SHGA250923,32862.48,0.38,FEM
SHGA250923,32862.86,0.58,KCHI
SHGA250923,32863.92,0.82,FEM
SHGA250923,32864.68,1.14,KCHI
SHGA250923,32866.44,1.0,KCHI
SHGA250923,32867.66,1.76,KCHI
SHGA250923,32877.82,0.74,OCH
SHGA250923,32890.72,3.94,FEM
SHGA250923,32895.0,1.34,FEM
SHGA250923,32896.62,2.42,FEM
SHGA250923,32902.34,0.48,FEM
SHGA250923,32904.0,0.72,FEM
SHGA250923,32912.54,0.28,KCHI
SHGA250923,32918.5,0.56,KCHI
SHGA250923,32919.92,0.62,KCHI
SHGA250923,32927.18,0.22,KCHI
SHGA250923,32927.86,0.78,FEM
SHGA250923,32929.76,0.76,FEM
SHGA250923,32938.88,0.32,OCH
SHGA250923,32943.6,0.98,KCHI
SHGA250923,32944.52,1.34,FEM
SHGA250923,32950.24,0.18,MAL
SHGA250923,32967.28,1.78,KCHI
SHGA250923,32968.44,1.48,FEM
SHGA250923,32970.32,0.4,KCHI
SHGA250923,32971.86,0.72,KCHI
SHGA250923,32974.22,3.28,KCHI
SHGA250923,32978.92,2.28,FEM
SHGA250923,32981.34,1.82,FEM
SHGA250923,32983.5,2.2,OCH
SHGA250923,32989.72,0.5,FEM
SHGA250923,32991.52,1.94,OCH
SHGA250923,32993.7,0.5,FEM
SHGA250923,33002.16,2.1,KCHI
SHGA250923,33004.92,3.52,KCHI
SHGA250923,33009.68,0.12,KCHI
SHGA250923,33010.0,0.12,KCHI
SHGA250923,33014.1,0.86,KCHI
SHGA250923,33018.08,5.36,KCHI
SHGA250923,33028.12,1.9,FEM
SHGA250923,33047.34,0.38,KCHI
SHGA250923,33057.96,1.1,FEM
SHGA250923,33059.64,0.22,FEM
SHGA250923,33066.68,0.74,KCHI
SHGA250923,33067.96,3.26,KCHI
SHGA250923,33097.68,0.56,KCHI
SHGA250923,33098.38,0.6,KCHI
SHGA250923,33099.1,0.38,KCHI
SHGA250923,33099.58,0.28,KCHI
SHGA250923,33099.98,0.18,KCHI
SHGA250923,33125.54,1.22,KCHI
SHGA250923,33157.38,2.28,KCHI
SHGA250923,33160.84,0.52,KCHI
SHGA250923,33184.58,0.66,KCHI
SHGA250923,33190.68,2.36,MAL
SHGA250923,33209.12,0.54,KCHI
SHGA250923,33221.88,5.88,KCHI
SHGA250923,33228.64,0.38,KCHI
SHGA250923,33229.78,2.56,KCHI
SHGA250923,33231.94,1.06,OCH
SHGA250923,33232.46,0.12,KCHI
SHGA250923,33232.84,4.14,KCHI
SHGA250923,33237.58,3.38,KCHI
SHGA250923,33244.94,2.08,KCHI
SHGA250923,33249.12,0.38,KCHI
SHGA250923,33250.32,5.46,KCHI
SHGA250923,33257.2,6.88,KCHI
SHGA250923,33264.26,0.36,KCHI
SHGA250923,33268.0,0.82,KCHI
SHGA250923,33272.8,3.76,KCHI
SHGA250923,33279.94,0.64,KCHI
SHGA250923,33282.8,1.54,KCHI
SHGA250923,33288.72,7.24,KCHI
SHGA250923,33289.12,0.72,FEM
SHGA250923,33289.96,0.36,FEM
SHGA250923,33293.4,1.18,FEM
SHGA250923,33296.02,0.66,FEM
SHGA250923,33298.08,0.52,FEM
SHGA250923,33299.62,1.72,FEM
SHGA250923,33300.66,0.48,OCH
SHGA250923,33302.52,1.28,FEM
SHGA250923,33304.28,0.36,KCHI
SHGA250923,33304.56,1.24,FEM
SHGA250923,33304.96,1.94,KCHI
SHGA250923,33306.54,2.08,FEM
SHGA250923,33307.16,0.14,KCHI
SHGA250923,33308.62,2.6,OCH
SHGA250923,33315.1,0.68,KCHI
SHGA250923,33316.2,0.38,FEM
SHGA250923,33316.58,0.16,KCHI
SHGA250923,33316.9,6.62,KCHI
SHGA250923,33330.0,0.66,FEM
SHGA250923,33331.6,0.42,FEM
SHGA250923,33332.0,0.5,KCHI
SHGA250923,33333.5,2.04,KCHI
SHGA250923,33336.4,4.06,KCHI
SHGA250923,33340.68,0.32,FEM
SHGA250923,33344.0,0.36,FEM
SHGA250923,33349.36,3.04,OCH
SHGA250923,33354.6,0.86,MAL
SHGA250923,33360.36,1.32,FEM
SHGA250923,33373.96,1.44,KCHI
SHGA250923,33376.28,0.96,KCHI
SHGA250923,33379.58,4.26,KCHI
SHGA250923,33386.86,4.46,KCHI
SHGA250923,33400.16,0.96,FEM
SHGA250923,33400.72,1.64,KCHI
SHGA250923,33401.24,0.18,FEM
SHGA250923,33402.7,0.36,KCHI
SHGA250923,33403.4,0.72,KCHI
SHGA250923,33404.14,0.14,FEM
SHGA250923,33404.52,0.34,KCHI
SHGA250923,33405.68,1.48,FEM
SHGA250923,33407.32,0.8,FEM
SHGA250923,33408.12,1.18,KCHI
SHGA250923,33414.42,0.82,OCH
SHGA250923,33416.08,0.36,KCHI
SHGA250923,33417.48,1.7,KCHI
SHGA250923,33421.42,0.44,KCHI
SHGA250923,33421.88,1.42,FEM
SHGA250923,33422.52,0.36,KCHI
SHGA250923,33423.14,0.74,KCHI
SHGA250923,33425.66,2.96,KCHI
SHGA250923,33428.78,4.12,KCHI
SHGA250923,33443.34,0.36,KCHI
SHGA250923,33450.72,4.78,KCHI
SHGA250923,33452.0,1.64,FEM
SHGA250923,33455.7,1.02,FEM
SHGA250923,33456.88,0.38,KCHI
SHGA250923,33457.22,0.7,FEM
SHGA250923,33458.84,0.86,KCHI
SHGA250923,33459.86,1.18,KCHI
SHGA250923,33461.28,1.88,KCHI
SHGA250923,33463.84,0.76,KCHI
SHGA250923,33464.58,1.92,FEM
SHGA250923,33466.48,0.64,KCHI
SHGA250923,33467.14,0.68,FEM
SHGA250923,33467.88,0.74,KCHI
SHGA250923,33469.3,0.5,FEM
SHGA250923,33469.68,1.88,OCH
SHGA250923,33471.8,4.22,KCHI
SHGA250923,33472.94,0.62,FEM
SHGA250923,33477.42,1.16,KCHI
SHGA250923,33479.58,2.22,FEM
SHGA250923,33481.32,0.34,KCHI
SHGA250923,33481.98,0.66,KCHI
SHGA250923,33483.02,0.72,FEM
SHGA250923,33485.6,0.3,KCHI
SHGA250923,33486.08,0.46,KCHI
SHGA250923,33487.02,0.54,KCHI
SHGA250923,33490.66,0.8,KCHI
SHGA250923,33492.24,2.5,KCHI
SHGA250923,33500.06,1.3,FEM
SHGA250923,33502.06,1.58,FEM
SHGA250923,33505.78,0.16,FEM
SHGA250923,33508.66,0.56,KCHI
SHGA250923,33510.64,0.96,KCHI
SHGA250923,33513.24,0.56,FEM
SHGA250923,33515.58,0.48,FEM
SHGA250923,33517.72,1.06,KCHI
SHGA250923,33519.38,1.74,KCHI
SHGA250923,33521.58,1.1,FEM
SHGA250923,33523.54,0.28,FEM
SHGA250923,33524.82,0.9,FEM
SHGA250923,33527.9,1.56,FEM
SHGA250923,33532.44,0.62,FEM
SHGA250923,33533.84,2.4,FEM
SHGA250923,33539.04,0.42,KCHI
SHGA250923,33539.62,2.28,FEM
SHGA250923,33541.72,0.82,KCHI
SHGA250923,33543.6,1.74,FEM
SHGA250923,33548.62,1.3,FEM
SHGA250923,33550.7,0.7,FEM
SHGA250923,33552.28,0.2,KCHI
SHGA250923,33554.34,0.2,FEM
SHGA250923,33555.38,0.64,KCHI
SHGA250923,33559.6,2.34,FEM
SHGA250923,33562.42,2.46,FEM
SHGA250923,33564.6,0.58,KCHI
SHGA250923,33565.54,0.86,FEM
SHGA250923,33566.46,1.28,KCHI
SHGA250923,33567.92,1.88,FEM
SHGA250923,33569.3,0.8,OCH
SHGA250923,33569.96,0.12,FEM
SHGA250923,33570.32,3.04,KCHI
SHGA250923,33571.78,0.5,FEM
SHGA250923,33575.46,2.84,KCHI
SHGA250923,33578.32,0.76,FEM
SHGA250923,33580.58,0.98,FEM
SHGA250923,33581.64,1.32,KCHI
SHGA250923,33582.76,1.92,FEM
SHGA250923,33583.24,3.4,KCHI
SHGA250923,33587.42,4.08,KCHI
SHGA250923,33592.98,0.48,KCHI
SHGA250923,33593.06,1.0,FEM
SHGA250923,33594.06,0.84,KCHI
SHGA250923,33595.74,0.64,KCHI
SHGA250923,33596.34,1.28,FEM
SHGA250923,33597.78,0.44,KCHI
SHGA250923,33597.78,1.38,FEM
SHGA250923,33600.12,0.62,KCHI
SHGA250923,33600.84,0.96,FEM
SHGA250923,33602.08,0.4,FEM
SHGA250923,33603.14,0.5,KCHI
SHGA250923,33603.62,0.64,FEM
SHGA250923,33603.8,0.2,KCHI
SHGA250923,33604.48,0.48,KCHI
SHGA250923,33605.0,0.38,FEM
SHGA250923,33605.12,4.84,KCHI
SHGA250923,33608.52,1.7,FEM
SHGA250923,33611.62,1.44,KCHI
SHGA250923,33613.4,1.96,KCHI
SHGA250923,33615.76,1.14,KCHI
SHGA250923,33616.92,1.4,FEM
SHGA250923,33618.56,0.5,FEM
SHGA250923,33619.06,0.5,KCHI
SHGA250923,33621.18,1.74,KCHI
SHGA250923,33623.78,0.4,FEM
SHGA250923,33623.82,2.64,KCHI
SHGA250923,33626.6,0.78,FEM
SHGA250923,33627.22,2.58,KCHI
SHGA250923,33629.64,2.1,FEM
SHGA250923,33632.34,1.34,FEM
SHGA250923,33632.4,1.34,KCHI
SHGA250923,33633.84,1.14,FEM
SHGA250923,33635.96,0.9,FEM
SHGA250923,33641.46,1.48,FEM
SHGA250923,33641.52,0.36,KCHI
SHGA250923,33645.34,0.72,FEM
SHGA250923,33646.66,0.26,FEM
SHGA250923,33648.8,0.18,FEM
SHGA250923,33649.34,1.56,FEM
SHGA250923,33650.98,0.5,KCHI
SHGA250923,33655.9,2.1,KCHI
SHGA250923,33660.24,0.32,KCHI
SHGA250923,33661.24,0.46,KCHI
SHGA250923,33662.4,0.44,KCHI
SHGA250923,33662.84,3.36,OCH
SHGA250923,33666.36,2.34,FEM
SHGA250923,33669.0,0.58,KCHI
SHGA250923,33669.62,1.18,FEM
SHGA250923,33671.06,0.12,MAL
SHGA250923,33673.66,0.32,KCHI
SHGA250923,33674.98,1.84,FEM
SHGA250923,33677.16,3.54,KCHI
SHGA250923,33684.04,4.4,FEM
SHGA250923,33692.14,1.4,KCHI
SHGA250923,33694.14,3.64,KCHI
SHGA250923,33697.88,3.32,OCH
SHGA250923,33703.14,0.2,KCHI
SHGA250923,33706.62,1.42,FEM
SHGA250923,33708.2,0.3,KCHI
SHGA250923,33710.9,0.72,KCHI
SHGA250923,33712.38,2.2,KCHI
SHGA250923,33715.44,0.8,KCHI
SHGA250923,33716.8,0.3,KCHI
SHGA250923,33717.26,3.54,FEM
SHGA250923,33720.82,0.64,KCHI
SHGA250923,33721.64,0.4,KCHI
SHGA250923,33722.4,4.12,KCHI
SHGA250923,33730.54,0.62,KCHI
SHGA250923,33734.48,0.44,FEM
SHGA250923,33737.24,1.84,FEM
SHGA250923,33743.3,3.04,KCHI
SHGA250923,33744.78,1.48,FEM
SHGA250923,33746.42,2.76,FEM
SHGA250923,33749.32,1.08,FEM
SHGA250923,33754.38,2.7,KCHI
SHGA250923,33758.9,2.16,KCHI
SHGA250923,33762.5,0.78,KCHI
SHGA250923,33766.32,1.82,KCHI
SHGA250923,33767.9,1.82,FEM
SHGA250923,33768.44,0.3,KCHI
SHGA250923,33769.86,0.26,KCHI
SHGA250923,33770.2,1.44,FEM
SHGA250923,33770.72,0.28,KCHI
SHGA250923,33771.36,0.24,KCHI
SHGA250923,33772.06,0.54,KCHI
SHGA250923,33772.62,2.96,FEM
SHGA250923,33772.72,0.22,KCHI
SHGA250923,33775.6,0.3,KCHI
SHGA250923,33776.6,1.66,FEM
SHGA250923,33778.26,0.46,MAL
SHGA250923,33782.94,0.34,FEM
SHGA250923,33783.84,0.44,FEM
SHGA250923,33784.26,1.18,KCHI
SHGA250923,33785.4,0.44,FEM
SHGA250923,33785.96,0.52,KCHI
SHGA250923,33786.48,3.72,FEM
SHGA250923,33789.16,0.28,KCHI
SHGA250923,33791.1,1.56,FEM
SHGA250923,33792.86,1.18,FEM
SHGA250923,33794.18,1.22,FEM
SHGA250923,33795.78,2.38,FEM
SHGA250923,33798.26,0.76,KCHI
SHGA250923,33799.18,0.64,KCHI
SHGA250923,33799.82,0.86,FEM
SHGA250923,33800.86,1.9,KCHI
SHGA250923,33801.72,2.38,FEM
SHGA250923,33804.14,0.54,KCHI
SHGA250923,33804.88,1.38,FEM
SHGA250923,33806.2,0.7,KCHI
SHGA250923,33806.72,2.32,FEM
SHGA250923,33809.08,2.42,KCHI
SHGA250923,33811.26,1.44,FEM
SHGA250923,33814.72,3.34,FEM
SHGA250923,33819.18,1.78,FEM
SHGA250923,33822.26,0.9,FEM
SHGA250923,33824.24,0.86,OCH
SHGA250923,33824.9,0.84,FEM
SHGA250923,33826.74,1.52,FEM
SHGA250923,33831.16,1.14,FEM
SHGA250923,33832.9,1.88,FEM
SHGA250923,33836.74,0.14,OCH
SHGA250923,33837.96,0.12,OCH
SHGA250923,33841.26,1.3,FEM
SHGA250923,33850.14,1.1,FEM
SHGA250923,33851.18,0.26,KCHI
SHGA250923,33851.64,0.98,FEM
SHGA250923,33852.26,0.32,KCHI
SHGA250923,33852.82,0.74,KCHI
SHGA250923,33854.1,2.16,FEM
SHGA250923,33857.08,0.44,MAL
SHGA250923,33857.86,1.08,FEM
SHGA250923,33859.08,0.82,OCH
SHGA250923,33859.84,0.34,KCHI
SHGA250923,33860.02,1.82,OCH
SHGA250923,33862.76,0.2,KCHI
SHGA250923,33862.96,0.72,OCH
SHGA250923,33863.68,0.84,KCHI
SHGA250923,33874.2,1.68,OCH
SHGA250923,33878.54,0.2,FEM
SHGA250923,33880.28,0.64,FEM
SHGA250923,33884.06,0.72,KCHI
SHGA250923,33885.24,0.48,KCHI
SHGA250923,33886.38,1.1,FEM
SHGA250923,33888.38,0.82,KCHI
SHGA250923,33889.7,2.32,KCHI
SHGA250923,33892.1,0.54,MAL
SHGA250923,33892.76,0.68,FEM
SHGA250923,33892.76,0.92,OCH
SHGA250923,33893.6,1.64,FEM
SHGA250923,33895.5,2.16,FEM
SHGA250923,33896.84,0.62,KCHI
SHGA250923,33897.92,0.8,MAL
SHGA250923,33899.34,0.8,OCH
SHGA250923,33900.32,1.78,KCHI
SHGA250923,33902.72,0.12,FEM
SHGA250923,33903.3,0.78,KCHI
SHGA250923,33904.26,0.24,KCHI
SHGA250923,33904.86,0.76,OCH
SHGA250923,33909.6,0.8,FEM
SHGA250923,33911.12,2.22,FEM
SHGA250923,33913.58,0.56,FEM
SHGA250923,33913.66,0.68,OCH
SHGA250923,33915.96,1.6,FEM
SHGA250923,33918.3,2.12,FEM
SHGA250923,33920.16,0.12,KCHI
SHGA250923,33920.72,0.12,KCHI
SHGA250923,33921.16,0.3,KCHI
SHGA250923,33921.32,2.26,FEM
SHGA250923,33923.76,2.34,FEM
SHGA250923,33926.98,2.42,OCH
SHGA250923,33927.06,1.06,FEM
SHGA250923,33928.9,0.4,FEM
SHGA250923,33929.52,0.26,KCHI
SHGA250923,33930.06,0.28,KCHI
SHGA250923,33930.82,1.94,FEM
SHGA250923,33931.94,0.8,OCH
SHGA250923,33934.88,0.66,FEM
SHGA250923,33935.18,2.04,OCH
SHGA250923,33937.0,0.46,FEM
SHGA250923,33937.68,0.38,OCH
SHGA250923,33939.28,1.1,KCHI
SHGA250923,33939.34,0.26,FEM
SHGA250923,33940.64,0.8,MAL
SHGA250923,33942.02,0.18,KCHI
SHGA250923,33942.42,1.3,KCHI
SHGA250923,33945.44,0.66,KCHI
SHGA250923,33946.74,0.74,KCHI
SHGA250923,33947.48,1.12,FEM
SHGA250923,33947.72,1.42,KCHI
SHGA250923,33949.4,0.4,KCHI
SHGA250923,33949.98,0.16,FEM
SHGA250923,33950.4,0.66,KCHI
SHGA250923,33951.36,2.02,FEM
SHGA250923,33954.22,0.18,FEM
SHGA250923,33954.52,0.56,KCHI
SHGA250923,33957.66,0.82,FEM
SHGA250923,33961.34,2.9,KCHI
SHGA250923,33969.04,0.66,FEM
SHGA250923,33969.34,0.26,KCHI
SHGA250923,33977.26,0.18,FEM
SHGA250923,33977.74,0.4,KCHI
SHGA250923,33978.78,0.34,KCHI
SHGA250923,33979.1,4.28,FEM
SHGA250923,33979.18,0.18,MAL
SHGA250923,33979.66,0.46,KCHI
SHGA250923,33981.0,0.24,KCHI
SHGA250923,33981.8,0.18,KCHI
SHGA250923,33982.56,0.48,KCHI
SHGA250923,33983.88,0.34,KCHI
SHGA250923,33984.22,2.3,FEM
SHGA250923,33985.76,0.14,KCHI
SHGA250923,33986.48,1.22,KCHI
SHGA250923,33987.88,0.7,FEM
SHGA250923,33989.2,0.94,OCH
SHGA250923,33990.34,2.4,FEM
SHGA250923,33993.18,8.3,FEM
SHGA250923,33997.3,0.44,KCHI
SHGA250923,34001.44,0.48,KCHI
SHGA250923,34002.04,0.54,FEM
SHGA250923,34004.56,0.24,KCHI
SHGA250923,34004.76,0.68,FEM
SHGA250923,34006.1,0.52,FEM
SHGA250923,34007.48,1.4,FEM
SHGA250923,34008.32,0.24,KCHI
SHGA250923,34008.66,0.16,KCHI
SHGA250923,34008.96,0.14,KCHI
SHGA250923,34009.1,0.14,OCH
SHGA250923,34009.3,0.26,KCHI
SHGA250923,34009.5,0.7,OCH
SHGA250923,34009.7,0.18,FEM
SHGA250923,34010.12,1.7,FEM
SHGA250923,34010.36,0.16,OCH
SHGA250923,34011.3,0.2,OCH
SHGA250923,34011.68,0.12,OCH
SHGA250923,34012.3,0.62,FEM
SHGA250923,34012.86,0.22,OCH
SHGA250923,34013.08,0.26,KCHI
SHGA250923,34013.96,0.58,FEM
SHGA250923,34014.78,0.62,KCHI
SHGA250923,34015.7,0.32,KCHI
SHGA250923,34015.9,0.42,FEM
SHGA250923,34016.56,0.4,FEM
SHGA250923,34018.48,0.42,KCHI
SHGA250923,34019.8,0.62,KCHI
SHGA250923,34020.8,1.04,FEM
SHGA250923,34021.3,0.66,KCHI
SHGA250923,34022.12,1.94,FEM
SHGA250923,34023.44,0.66,KCHI
SHGA250923,34025.5,0.64,KCHI
SHGA250923,34026.44,0.5,KCHI
SHGA250923,34027.02,0.54,MAL
SHGA250923,34027.22,0.92,FEM
SHGA250923,34028.16,0.4,KCHI
SHGA250923,34028.66,2.16,FEM
SHGA250923,34031.44,1.54,OCH
SHGA250923,34032.98,1.8,FEM
SHGA250923,34033.6,0.24,KCHI
SHGA250923,34034.76,1.76,KCHI
SHGA250923,34036.18,1.28,FEM
SHGA250923,34036.96,0.24,OCH
SHGA250923,34037.98,0.22,KCHI
SHGA250923,34038.54,2.4,OCH
SHGA250923,34042.86,0.12,FEM
SHGA250923,34044.6,0.28,KCHI
SHGA250923,34045.12,0.3,KCHI
SHGA250923,34045.58,0.38,KCHI
SHGA250923,34045.98,2.92,FEM
SHGA250923,34050.86,0.22,FEM
SHGA250923,34053.42,0.26,KCHI
SHGA250923,34053.64,0.86,OCH
SHGA250923,34054.64,0.18,OCH
SHGA250923,34054.94,1.6,OCH
SHGA250923,34055.8,0.4,KCHI
SHGA250923,34056.74,0.12,OCH
SHGA250923,34056.86,0.8,FEM
SHGA250923,34058.52,1.92,KCHI
SHGA250923,34058.54,1.1,FEM
SHGA250923,34060.84,2.78,KCHI
SHGA250923,34062.64,0.94,OCH
SHGA250923,34062.68,1.9,FEM
SHGA250923,34066.16,0.58,KCHI
SHGA250923,34066.84,1.18,FEM
SHGA250923,34072.22,0.26,KCHI
SHGA250923,34072.78,1.02,KCHI
SHGA250923,34074.04,0.7,KCHI
SHGA250923,34075.48,1.18,KCHI
SHGA250923,34080.02,0.2,KCHI
SHGA250923,34080.64,1.58,FEM
SHGA250923,34080.74,0.72,KCHI
SHGA250923,34081.68,0.3,KCHI
SHGA250923,34084.72,0.2,FEM
SHGA250923,34086.2,0.38,MAL
SHGA250923,34086.72,1.64,OCH
SHGA250923,34088.4,0.12,MAL
SHGA250923,34089.6,1.94,FEM
SHGA250923,34089.66,0.64,OCH
SHGA250923,34091.92,0.76,FEM
SHGA250923,34092.12,0.56,OCH
SHGA250923,34093.18,0.46,OCH
SHGA250923,34094.32,1.1,OCH
SHGA250923,34095.42,1.06,MAL
SHGA250923,34101.92,0.52,FEM
SHGA250923,34102.42,0.38,MAL
SHGA250923,34102.8,0.34,KCHI
SHGA250923,34103.18,0.54,MAL
SHGA250923,34103.64,0.54,KCHI
SHGA250923,34108.82,1.0,KCHI
SHGA250923,34109.82,0.56,MAL
SHGA250923,34111.22,0.22,OCH
SHGA250923,34111.4,0.28,FEM
SHGA250923,34111.82,0.46,FEM
SHGA250923,34112.72,2.56,KCHI
SHGA250923,34116.48,0.14,KCHI
SHGA250923,34116.56,3.84,FEM
SHGA250923,34121.4,1.92,FEM
SHGA250923,34123.8,3.52,FEM
SHGA250923,34127.56,0.94,FEM
SHGA250923,34128.5,2.14,KCHI
SHGA250923,34128.62,0.28,FEM
SHGA250923,34131.56,0.5,MAL
SHGA250923,34132.18,0.28,KCHI
SHGA250923,34133.38,1.28,KCHI
SHGA250923,34133.56,0.48,MAL
SHGA250923,34135.76,0.22,FEM
SHGA250923,34136.46,0.3,KCHI
SHGA250923,34137.08,3.36,KCHI
SHGA250923,34140.6,0.26,MAL
SHGA250923,34140.9,0.18,OCH
SHGA250923,34141.66,0.28,MAL
SHGA250923,34141.94,0.58,OCH
SHGA250923,34142.62,0.12,OCH
SHGA250923,34144.2,0.22,OCH
SHGA250923,34153.98,0.28,KCHI
SHGA250923,34156.36,1.02,FEM
SHGA250923,34160.16,0.16,FEM
SHGA250923,34160.48,0.2,OCH
SHGA250923,34167.96,1.0,FEM
SHGA250923,34176.26,0.92,OCH
SHGA250923,34178.94,0.44,KCHI
SHGA250923,34181.34,0.22,KCHI
SHGA250923,34181.72,0.18,KCHI
SHGA250923,34182.06,1.32,FEM
SHGA250923,34185.66,0.82,FEM
SHGA250923,34186.62,0.44,KCHI
SHGA250923,34187.5,0.7,FEM
SHGA250923,34188.2,1.16,OCH
SHGA250923,34191.96,1.56,FEM
SHGA250923,34192.18,2.14,OCH
SHGA250923,34194.52,1.64,KCHI
SHGA250923,34197.28,2.64,FEM
SHGA250923,34200.8,0.34,OCH
SHGA250923,34201.14,1.3,MAL
SHGA250923,34203.12,3.84,KCHI
SHGA250923,34207.24,0.86,KCHI
SHGA250923,34208.1,1.5,FEM
SHGA250923,34208.86,1.14,KCHI
SHGA250923,34210.82,0.3,KCHI
SHGA250923,34211.5,0.52,OCH
SHGA250923,34211.8,0.66,KCHI
SHGA250923,34212.5,1.28,OCH
SHGA250923,34213.54,1.26,KCHI
SHGA250923,34215.88,0.72,FEM
SHGA250923,34216.08,0.12,KCHI
SHGA250923,34216.86,0.88,FEM
SHGA250923,34217.12,0.74,KCHI
SHGA250923,34218.06,0.84,KCHI
SHGA250923,34218.9,1.3,FEM
SHGA250923,34220.22,0.2,KCHI
SHGA250923,34220.64,0.84,KCHI
SHGA250923,34221.48,2.54,FEM
SHGA250923,34224.12,0.64,KCHI
SHGA250923,34225.24,0.3,KCHI
SHGA250923,34225.96,1.28,KCHI
SHGA250923,34227.32,0.68,FEM
SHGA250923,34227.44,0.26,KCHI
SHGA250923,34227.92,1.22,KCHI
SHGA250923,34231.22,0.72,OCH
SHGA250923,34234.78,0.6,FEM
SHGA250923,34235.96,0.28,KCHI
SHGA250923,34239.8,0.14,KCHI
SHGA250923,34240.9,1.58,OCH
SHGA250923,34248.42,0.32,KCHI
SHGA250923,34249.56,0.16,KCHI
SHGA250923,34250.74,0.24,KCHI
SHGA250923,34256.18,0.78,KCHI
SHGA250923,34257.02,1.24,FEM
SHGA250923,34258.68,0.34,KCHI
SHGA250923,34263.82,0.34,KCHI
SHGA250923,34266.48,1.32,FEM
SHGA250923,34268.92,1.8,FEM
SHGA250923,34275.76,0.36,KCHI
SHGA250923,34276.62,1.04,KCHI
SHGA250923,34278.04,0.84,OCH
SHGA250923,34279.02,0.14,OCH
SHGA250923,34281.06,1.7,FEM
SHGA250923,34282.4,0.2,OCH
SHGA250923,34283.72,0.38,KCHI
SHGA250923,34286.6,1.08,KCHI
SHGA250923,34288.0,0.54,KCHI
SHGA250923,34291.1,0.16,KCHI
SHGA250923,34303.18,0.36,FEM
SHGA250923,34303.62,1.04,OCH
SHGA250923,34306.12,0.66,FEM
SHGA250923,34306.92,0.24,FEM
SHGA250923,34307.34,0.12,FEM
SHGA250923,34307.6,0.22,KCHI
SHGA250923,34308.52,0.76,OCH
SHGA250923,34308.76,1.58,FEM
SHGA250923,34309.82,0.2,KCHI
SHGA250923,34310.32,0.2,KCHI
SHGA250923,34310.92,0.66,KCHI
SHGA250923,34311.86,0.18,KCHI
SHGA250923,34312.22,2.76,KCHI
SHGA250923,34313.66,1.66,FEM
SHGA250923,34315.56,3.98,FEM
SHGA250923,34319.72,2.76,KCHI
SHGA250923,34323.34,0.18,KCHI
SHGA250923,34323.62,0.78,KCHI
SHGA250923,34324.86,1.4,FEM
SHGA250923,34327.22,0.24,KCHI
SHGA250923,34327.82,3.86,KCHI
SHGA250923,34334.44,0.62,OCH
SHGA250923,34335.46,1.76,KCHI
SHGA250923,34338.28,1.16,OCH
SHGA250923,34339.56,0.18,OCH
SHGA250923,34339.86,1.76,OCH
SHGA250923,34342.84,0.12,KCHI
SHGA250923,34343.12,3.48,KCHI
SHGA250923,34346.72,1.36,FEM
SHGA250923,34347.56,2.36,KCHI
SHGA250923,34349.32,0.96,FEM
SHGA250923,34350.06,0.18,KCHI
SHGA250923,34350.5,0.42,KCHI
SHGA250923,34350.98,1.66,FEM
SHGA250923,34351.38,1.9,KCHI
SHGA250923,34354.5,3.7,KCHI
SHGA250923,34358.32,1.02,FEM
SHGA250923,34359.34,0.18,OCH
SHGA250923,34359.58,1.12,FEM
SHGA250923,34360.12,0.36,KCHI
SHGA250923,34361.04,0.38,KCHI
SHGA250923,34361.34,0.96,OCH
SHGA250923,34362.38,1.66,FEM
SHGA250923,34365.22,1.5,FEM
SHGA250923,34365.86,0.54,KCHI
SHGA250923,34367.3,1.26,FEM
SHGA250923,34370.54,2.36,FEM
SHGA250923,34372.94,0.66,KCHI
SHGA250923,34373.1,0.92,FEM
SHGA250923,34374.52,1.22,FEM
SHGA250923,34375.9,1.08,FEM
SHGA250923,34377.86,1.38,FEM
SHGA250923,34380.44,6.76,FEM
SHGA250923,34387.46,2.3,FEM
SHGA250923,34389.42,0.3,KCHI
SHGA250923,34389.96,0.52,KCHI
SHGA250923,34389.96,2.02,FEM
SHGA250923,34392.26,1.4,FEM
SHGA250923,34394.02,1.08,KCHI
SHGA250923,34395.16,0.32,FEM
SHGA250923,34396.5,1.94,FEM
SHGA250923,34399.14,0.16,KCHI
SHGA250923,34401.16,0.24,KCHI
SHGA250923,34401.38,1.68,FEM
SHGA250923,34403.12,1.38,KCHI
SHGA250923,34404.66,0.72,KCHI
SHGA250923,34406.76,1.22,FEM
SHGA250923,34407.64,0.9,KCHI
SHGA250923,34408.26,0.84,FEM
SHGA250923,34409.2,0.38,KCHI
SHGA250923,34409.58,2.92,FEM
SHGA250923,34412.54,0.8,KCHI
SHGA250923,34414.0,0.36,FEM
SHGA250923,34414.34,0.66,KCHI
SHGA250923,34415.06,0.3,FEM
SHGA250923,34415.34,0.34,KCHI
SHGA250923,34416.54,3.84,FEM
SHGA250923,34420.9,4.94,FEM
SHGA250923,34426.14,0.54,FEM
SHGA250923,34427.5,1.26,FEM
SHGA250923,34429.72,1.26,FEM
SHGA250923,34433.46,1.5,FEM
SHGA250923,34435.68,0.8,FEM
SHGA250923,34436.12,1.2,OCH
SHGA250923,34436.8,0.14,FEM
SHGA250923,34437.78,1.28,OCH
SHGA250923,34438.94,1.08,FEM
SHGA250923,34440.5,0.64,FEM
SHGA250923,34441.44,1.48,FEM
SHGA250923,34443.94,1.1,FEM
SHGA250923,34444.24,0.76,OCH
SHGA250923,34445.36,0.64,OCH
SHGA250923,34445.48,0.56,FEM
SHGA250923,34446.72,2.48,FEM
SHGA250923,34450.14,1.34,FEM
SHGA250923,34452.18,2.68,FEM
SHGA250923,34456.0,1.3,KCHI
SHGA250923,34457.5,1.1,FEM
SHGA250923,34458.34,2.44,KCHI
SHGA250923,34465.64,0.52,FEM
SHGA250923,34467.3,3.34,FEM
SHGA250923,34467.4,1.48,KCHI
SHGA250923,34470.82,1.86,FEM
SHGA250923,34473.34,2.18,FEM
SHGA250923,34475.52,2.94,KCHI
SHGA250923,34478.74,3.06,FEM
SHGA250923,34480.02,0.2,KCHI
SHGA250923,34481.28,1.68,KCHI
SHGA250923,34482.72,1.52,FEM
SHGA250923,34486.08,1.24,KCHI
SHGA250923,34486.16,2.0,FEM
SHGA250923,34487.84,1.24,KCHI
SHGA250923,34488.44,3.32,FEM
SHGA250923,34489.82,0.18,KCHI
SHGA250923,34492.0,0.92,KCHI
SHGA250923,34493.32,0.46,KCHI
SHGA250923,34493.8,0.2,FEM
SHGA250923,34494.02,1.9,KCHI
SHGA250923,34495.18,0.14,OCH
SHGA250923,34495.46,1.16,OCH
SHGA250923,34496.04,0.94,KCHI
SHGA250923,34499.28,0.54,KCHI
SHGA250923,34500.66,0.6,KCHI
SHGA250923,34503.44,0.4,KCHI
SHGA250923,34503.76,0.84,FEM
SHGA250923,34505.28,0.42,KCHI
SHGA250923,34506.46,0.14,FEM
SHGA250923,34507.56,0.12,KCHI
SHGA250923,34507.96,0.42,KCHI
SHGA250923,34508.66,0.28,KCHI
SHGA250923,34509.08,0.2,KCHI
SHGA250923,34509.52,0.24,KCHI
SHGA250923,34511.06,1.62,KCHI
SHGA250923,34512.16,0.84,FEM
SHGA250923,34512.96,0.24,KCHI
SHGA250923,34513.3,0.74,KCHI
SHGA250923,34514.56,2.38,KCHI
SHGA250923,34517.62,0.92,OCH
SHGA250923,34518.54,5.34,KCHI
SHGA250923,34524.2,1.06,FEM
SHGA250923,34525.52,0.14,KCHI
SHGA250923,34525.76,0.7,KCHI
SHGA250923,34527.84,0.5,KCHI
SHGA250923,34528.4,0.3,FEM
SHGA250923,34529.84,1.32,KCHI
SHGA250923,34534.0,0.46,FEM
SHGA250923,34534.52,0.58,KCHI
SHGA250923,34535.24,0.36,KCHI
SHGA250923,34536.46,0.78,FEM
SHGA250923,34536.64,0.2,KCHI
SHGA250923,34536.96,2.38,KCHI
SHGA250923,34537.72,0.36,FEM
SHGA250923,34538.28,0.16,FEM
SHGA250923,34539.44,1.78,KCHI
SHGA250923,34540.86,0.28,OCH
SHGA250923,34543.66,1.08,KCHI
SHGA250923,34545.12,1.28,KCHI
SHGA250923,34547.0,2.52,OCH
SHGA250923,34547.18,0.14,KCHI
SHGA250923,34550.54,0.14,OCH
SHGA250923,34551.16,1.28,OCH
SHGA250923,34554.36,0.98,KCHI
SHGA250923,34557.48,1.14,FEM
SHGA250923,34557.96,0.38,KCHI
SHGA250923,34559.78,0.54,FEM
SHGA250923,34560.26,2.06,KCHI
SHGA250923,34561.6,0.72,FEM
SHGA250923,34562.32,0.74,OCH
SHGA250923,34562.56,0.24,KCHI
SHGA250923,34563.0,0.54,KCHI
SHGA250923,34564.24,0.48,OCH
SHGA250923,34564.26,0.14,KCHI
SHGA250923,34564.66,0.24,FEM
SHGA250923,34564.92,0.24,KCHI
SHGA250923,34565.26,0.44,FEM
SHGA250923,34565.88,0.26,KCHI
SHGA250923,34567.52,1.96,KCHI
SHGA250923,34569.64,0.64,FEM
SHGA250923,34569.98,0.3,KCHI
SHGA250923,34570.46,2.32,KCHI
SHGA250923,34571.66,1.18,FEM
SHGA250923,34573.14,2.4,FEM
SHGA250923,34573.98,0.28,KCHI
SHGA250923,34575.24,0.2,KCHI
SHGA250923,34576.04,2.52,KCHI
SHGA250923,34580.96,0.38,FEM
SHGA250923,34581.56,0.66,KCHI
SHGA250923,34586.2,0.52,MAL
SHGA250923,34588.0,0.84,MAL
SHGA250923,34588.9,0.5,FEM
SHGA250923,34590.04,0.12,FEM
SHGA250923,34590.18,0.92,KCHI
SHGA250923,34591.92,2.24,KCHI
SHGA250923,34594.16,3.62,FEM
SHGA250923,34598.14,0.56,OCH
SHGA250923,34599.46,0.92,MAL
SHGA250923,34600.6,0.66,OCH
SHGA250923,34601.32,0.8,KCHI
SHGA250923,34602.12,3.56,FEM
SHGA250923,34602.6,1.0,KCHI
SHGA250923,34606.28,5.22,FEM
SHGA250923,34611.32,0.38,MAL
SHGA250923,34617.7,1.32,FEM
SHGA250923,34619.9,3.26,KCHI
SHGA250923,34621.48,0.54,FEM
SHGA250923,34625.1,0.46,FEM
SHGA250923,34628.08,1.1,KCHI
SHGA250923,34633.68,0.5,KCHI
SHGA250923,34634.86,0.52,FEM
SHGA250923,34636.92,0.42,KCHI
SHGA250923,34637.34,0.6,OCH
SHGA250923,34645.9,1.78,KCHI
SHGA250923,34648.0,0.52,OCH
SHGA250923,34648.64,0.12,OCH
SHGA250923,34648.68,0.56,KCHI
SHGA250923,34648.88,0.26,OCH
SHGA250923,34649.36,0.52,KCHI
SHGA250923,34650.36,0.64,OCH
SHGA250923,34651.52,0.18,OCH
SHGA250923,34651.86,1.08,OCH
SHGA250923,34654.88,0.16,OCH
SHGA250923,34655.18,0.2,OCH
SHGA250923,34665.54,0.12,OCH
SHGA250923,34665.8,3.5,KCHI
SHGA250923,34669.78,0.96,KCHI
SHGA250923,34671.08,1.3,KCHI
SHGA250923,34673.9,1.9,OCH
SHGA250923,34680.32,0.9,KCHI
SHGA250923,34681.72,2.94,OCH
SHGA250923,34685.7,2.7,KCHI
SHGA250923,34689.14,0.12,KCHI
SHGA250923,34693.92,0.34,KCHI
SHGA250923,34697.18,0.34,KCHI
SHGA250923,34697.76,1.14,KCHI
SHGA250923,34699.02,0.72,FEM
SHGA250923,34700.24,0.2,KCHI
SHGA250923,34701.88,2.4,FEM
SHGA250923,34704.52,1.08,KCHI
SHGA250923,34712.34,4.22,FEM
SHGA250923,34717.54,2.72,KCHI
SHGA250923,34726.26,0.42,KCHI
SHGA250923,34727.44,0.52,KCHI
SHGA250923,34728.38,0.28,KCHI
SHGA250923,34728.76,0.14,FEM
SHGA250923,34729.48,7.96,KCHI
SHGA250923,34741.42,2.2,KCHI
SHGA250923,34743.94,1.1,KCHI
SHGA250923,34745.4,1.12,KCHI
SHGA250923,34746.72,0.42,KCHI
SHGA250923,34747.46,0.58,KCHI
SHGA250923,34748.2,0.36,KCHI
SHGA250923,34750.42,1.66,KCHI
SHGA250923,34758.84,0.48,KCHI
SHGA250923,34759.3,0.16,FEM
SHGA250923,34760.16,0.24,KCHI
SHGA250923,34760.78,1.12,KCHI
SHGA250923,34762.54,0.56,FEM
SHGA250923,34763.14,0.92,KCHI
SHGA250923,34766.26,0.26,OCH
SHGA250923,34767.04,0.64,OCH
SHGA250923,34768.48,0.54,OCH
SHGA250923,34769.68,1.0,KCHI
SHGA250923,34773.74,0.16,OCH
SHGA250923,34775.32,0.28,KCHI
SHGA250923,34776.26,0.36,KCHI
SHGA250923,34777.24,2.72,KCHI
SHGA250923,34780.14,5.06,KCHI
SHGA250923,34786.7,0.32,OCH
SHGA250923,34789.2,0.22,KCHI
SHGA250923,34789.9,1.18,KCHI
SHGA250923,34791.42,1.48,KCHI
SHGA250923,34793.16,1.8,KCHI
SHGA250923,34795.38,2.46,KCHI
SHGA250923,34797.84,0.76,FEM
SHGA250923,34798.04,0.12,KCHI
SHGA250923,34799.06,0.4,FEM
SHGA250923,34799.58,3.94,KCHI
SHGA250923,34804.16,0.94,KCHI
SHGA250923,34805.38,0.1,KCHI
SHGA250923,34807.0,0.84,FEM
SHGA250923,34808.74,0.42,KCHI
SHGA250923,34809.7,3.02,KCHI
SHGA250923,34814.52,0.74,KCHI
SHGA250923,34822.68,3.18,KCHI
SHGA250923,34824.72,0.28,OCH
SHGA250923,34825.0,0.58,FEM
SHGA250923,34828.98,2.3,KCHI
SHGA250923,34834.24,1.36,FEM
SHGA250923,34836.94,3.54,KCHI
SHGA250923,34844.9,2.0,KCHI
SHGA250923,34847.28,0.34,FEM
SHGA250923,34847.9,0.76,KCHI
SHGA250923,34852.86,0.96,FEM
SHGA250923,34858.62,1.28,FEM
SHGA250923,34860.82,2.38,OCH
SHGA250923,34863.52,0.42,OCH
SHGA250923,34864.04,4.56,FEM
SHGA250923,34870.12,1.64,FEM
SHGA250923,34873.3,1.04,FEM
SHGA250923,34875.96,0.14,MAL
SHGA250923,34884.44,2.48,FEM
SHGA250923,34890.08,0.82,KCHI
SHGA250923,34891.14,0.9,FEM
SHGA250923,34892.36,0.3,KCHI
SHGA250923,34892.66,0.16,FEM
SHGA250923,34893.48,1.08,FEM
SHGA250923,34894.74,0.58,KCHI
SHGA250923,34895.52,0.96,FEM
SHGA250923,34896.64,2.38,FEM
SHGA250923,34899.38,2.94,FEM
SHGA250923,34902.68,1.88,FEM
SHGA250923,34904.48,0.12,OCH
SHGA250923,34905.06,0.78,FEM
SHGA250923,34906.54,0.32,OCH
SHGA250923,34906.82,1.98,FEM
SHGA250923,34909.14,1.38,FEM
SHGA250923,34910.6,1.12,KCHI
SHGA250923,34911.72,2.88,FEM
SHGA250923,34915.4,0.52,KCHI
SHGA250923,34916.54,0.96,FEM
SHGA250923,34919.58,1.22,FEM
SHGA250923,34919.68,0.26,KCHI
SHGA250923,34921.04,1.92,KCHI
SHGA250923,34923.8,1.0,FEM
SHGA250923,34924.78,0.34,KCHI
SHGA250923,34925.18,2.5,FEM
SHGA250923,34928.14,1.02,KCHI
SHGA250923,34929.66,0.64,KCHI
SHGA250923,34930.26,0.34,FEM
SHGA250923,34930.88,0.92,KCHI
SHGA250923,34931.8,1.3,FEM
SHGA250923,34932.46,0.66,KCHI
SHGA250923,34933.36,0.44,KCHI
SHGA250923,34933.38,1.6,FEM
SHGA250923,34935.52,1.72,FEM
SHGA250923,34937.12,0.26,KCHI
SHGA250923,34938.02,1.4,FEM
SHGA250923,34942.32,1.18,FEM
SHGA250923,34944.14,2.52,FEM
SHGA250923,34944.84,0.7,OCH
SHGA250923,34946.82,0.9,FEM
SHGA250923,34947.4,0.98,KCHI
SHGA250923,34949.76,1.66,KCHI
SHGA250923,34951.82,1.24,KCHI
SHGA250923,34953.2,0.62,KCHI
SHGA250923,34953.76,2.58,FEM
SHGA250923,34955.82,1.04,KCHI
SHGA250923,34957.84,1.5,KCHI
SHGA250923,34959.68,1.54,KCHI
SHGA250923,34962.98,1.06,KCHI
SHGA250923,34965.92,1.18,FEM
SHGA250923,34966.94,0.88,KCHI
SHGA250923,34969.08,1.54,KCHI
SHGA250923,34969.18,2.74,FEM
SHGA250923,34971.28,1.72,KCHI
SHGA250923,34972.76,0.9,FEM
SHGA250923,34973.96,4.38,FEM
SHGA250923,34974.02,1.16,KCHI
SHGA250923,34975.6,0.64,OCH
SHGA250923,34979.48,2.5,FEM
SHGA250923,34985.54,2.48,FEM
SHGA250923,34988.18,0.58,KCHI
SHGA250923,34988.34,1.8,FEM
SHGA250923,34988.94,0.12,KCHI
SHGA250923,34990.9,1.14,FEM
SHGA250923,34994.06,2.08,FEM
SHGA250923,34997.34,2.26,FEM
SHGA250923,35032.12,0.16,FEM
SHGA250923,35033.86,1.72,KCHI
SHGA250923,35036.26,0.44,KCHI
SHGA250923,35051.86,3.64,FEM
SHGA250923,35056.16,1.58,FEM
SHGA250923,35058.48,0.64,FEM
SHGA250923,35060.38,1.54,FEM
SHGA250923,35062.78,3.32,FEM
SHGA250923,35067.12,0.66,FEM
SHGA250923,35070.74,0.82,FEM
SHGA250923,35072.18,0.82,FEM
SHGA250923,35073.38,2.52,FEM
SHGA250923,35075.74,1.62,OCH
SHGA250923,35078.06,2.1,FEM
SHGA250923,35081.3,3.22,FEM
SHGA250923,35084.04,0.14,KCHI
SHGA250923,35084.74,0.12,FEM
SHGA250923,35085.06,1.42,KCHI
SHGA250923,35085.14,0.2,FEM
SHGA250923,35091.66,2.56,FEM
SHGA250923,35095.64,0.5,FEM
SHGA250923,35098.82,3.7,FEM
SHGA250923,35109.28,1.56,FEM
SHGA250923,35112.34,0.76,FEM
SHGA250923,35114.08,1.52,FEM
SHGA250923,35115.54,1.66,KCHI
SHGA250923,35117.04,2.48,FEM
SHGA250923,35119.74,4.62,FEM
SHGA250923,35125.96,3.08,FEM
SHGA250923,35129.3,1.42,FEM
SHGA250923,35135.44,0.2,FEM
SHGA250923,35137.06,0.3,KCHI
SHGA250923,35137.7,1.72,FEM
SHGA250923,35143.4,1.34,FEM
SHGA250923,35149.4,2.94,FEM
SHGA250923,35153.86,1.48,FEM
SHGA250923,35155.7,0.66,FEM
SHGA250923,35156.62,2.08,FEM
SHGA250923,35163.3,2.96,FEM
SHGA250923,35174.24,1.44,FEM
SHGA250923,35175.82,2.3,FEM
SHGA250923,35178.96,0.26,FEM
SHGA250923,35183.2,2.06,FEM
SHGA250923,35185.42,1.76,FEM
SHGA250923,35192.88,1.6,FEM
SHGA250923,35197.82,1.2,FEM
SHGA250923,35199.12,4.94,FEM
SHGA250923,35205.32,1.64,FEM
SHGA250923,35211.92,0.34,FEM
SHGA250923,35215.04,0.16,FEM
SHGA250923,35236.32,0.48,FEM
SHGA250923,35239.18,1.8,FEM
SHGA250923,35242.08,0.82,FEM
SHGA250923,35247.88,0.88,KCHI
SHGA250923,35251.08,0.84,FEM
SHGA250923,35254.24,1.12,FEM
SHGA250923,35257.4,1.08,FEM
SHGA250923,35261.26,0.92,FEM
SHGA250923,35279.36,0.18,KCHI
SHGA250923,35280.48,2.1,FEM
SHGA250923,35306.58,3.98,FEM
SHGA250923,35310.56,0.86,KCHI
SHGA250923,35313.0,0.38,FEM
SHGA250923,35313.92,0.72,FEM
SHGA250923,35317.58,0.94,FEM
SHGA250923,35318.9,0.16,FEM
SHGA250923,35319.18,0.32,FEM
SHGA250923,35322.98,3.14,FEM
SHGA250923,35326.5,2.24,FEM
SHGA250923,35330.46,3.98,FEM
SHGA250923,35335.4,1.86,FEM
SHGA250923,35338.08,0.34,FEM
SHGA250923,35373.58,3.82,FEM
SHGA250923,35384.12,0.94,FEM
SHGA250923,35388.38,1.44,FEM
SHGA250923,35392.44,1.7,FEM
SHGA250923,35398.12,0.14,FEM
SHGA250923,35401.4,0.24,FEM
SHGA250923,35406.26,0.4,FEM
SHGA250923,35408.96,0.2,FEM
SHGA250923,35418.26,1.6,FEM
SHGA250923,35421.36,3.86,FEM
SHGA250923,35426.44,1.54,KCHI
SHGA250923,35427.76,2.06,FEM
SHGA250923,35432.52,1.74,FEM
SHGA250923,35438.2,1.3,FEM
SHGA250923,35441.12,3.26,FEM
SHGA250923,35447.84,1.8,FEM
SHGA250923,35451.08,2.76,FEM
SHGA250923,35462.22,2.04,FEM
SHGA250923,35469.76,0.24,FEM
SHGA250923,35481.7,0.8,FEM
SHGA250923,35483.64,0.96,FEM
SHGA250923,35507.08,0.2,KCHI
SHGA250923,35517.66,1.68,FEM
SHGA250923,35521.5,2.1,FEM
SHGA250923,35524.8,3.52,FEM
SHGA250923,35541.4,0.66,FEM
SHGA250923,35543.94,1.18,FEM
SHGA250923,35549.36,0.14,KCHI
SHGA250923,35567.86,0.26,KCHI
SHGA250923,35570.04,1.38,KCHI
SHGA250923,35600.68,1.52,KCHI
SHGA250923,35602.64,2.44,FEM
SHGA250923,35617.02,3.66,FEM
SHGA250923,35621.32,0.58,KCHI
SHGA250923,35622.5,2.28,OCH
SHGA250923,35623.58,1.4,FEM
SHGA250923,35628.28,4.66,FEM
SHGA250923,35642.4,0.48,FEM
SHGA250923,35644.88,0.14,OCH
SHGA250923,35646.98,0.56,OCH
SHGA250923,35648.86,0.3,KCHI
SHGA250923,35649.06,1.14,FEM
SHGA250923,35650.14,0.6,KCHI
SHGA250923,35651.24,0.62,KCHI
SHGA250923,35668.32,0.44,FEM
SHGA250923,35677.08,1.4,FEM
SHGA250923,35680.96,1.72,FEM
SHGA250923,35682.96,0.76,FEM
SHGA250923,35684.5,0.18,FEM
SHGA250923,35687.56,0.52,FEM
SHGA250923,35692.48,0.14,FEM
SHGA250923,35692.64,5.42,OCH
SHGA250923,35694.06,2.46,FEM
SHGA250923,35697.3,0.16,FEM
SHGA250923,35698.46,1.34,OCH
SHGA250923,35699.72,0.88,KCHI
SHGA250923,35700.6,2.24,FEM
SHGA250923,35702.22,0.98,OCH
SHGA250923,35703.24,1.0,KCHI
SHGA250923,35705.1,0.8,FEM
SHGA250923,35715.46,0.9,OCH
SHGA250923,35724.48,0.12,KCHI
SHGA250923,35725.2,1.1,KCHI
SHGA250923,35730.36,0.94,FEM
SHGA250923,35731.68,0.76,FEM
SHGA250923,35734.92,0.3,KCHI
SHGA250923,35735.6,0.14,KCHI
SHGA250923,35736.78,0.82,KCHI
SHGA250923,35737.96,2.18,FEM
SHGA250923,35750.5,1.62,FEM
SHGA250923,35750.76,0.46,KCHI
SHGA250923,35753.72,3.56,FEM
SHGA250923,35757.4,2.68,FEM
SHGA250923,35764.28,1.1,FEM
SHGA250923,35765.96,0.38,FEM
SHGA250923,35767.16,6.82,FEM
SHGA250923,35774.32,0.74,FEM
SHGA250923,35775.38,0.84,FEM
SHGA250923,35777.04,0.36,FEM
SHGA250923,35781.34,0.22,FEM
SHGA250923,35781.82,0.22,FEM
SHGA250923,35783.72,2.2,FEM
SHGA250923,35788.16,0.12,KCHI
SHGA250923,35794.18,1.94,OCH
SHGA250923,35795.2,0.66,FEM
SHGA250923,35796.14,2.14,FEM
SHGA250923,35799.28,9.62,FEM
SHGA250923,35809.06,1.02,FEM
SHGA250923,35810.64,0.38,FEM
SHGA250923,35812.04,3.74,FEM
SHGA250923,35816.02,8.16,FEM
SHGA250923,35825.3,0.34,FEM
SHGA250923,35826.28,1.12,FEM
SHGA250923,35828.28,1.08,KCHI
SHGA250923,35839.9,0.8,KCHI
SHGA250923,35841.8,1.72,FEM
SHGA250923,35844.7,1.0,FEM
SHGA250923,35850.9,0.3,OCH
SHGA250923,35856.06,0.68,FEM
SHGA250923,35863.78,0.22,OCH
SHGA250923,35866.44,0.74,FEM
SHGA250923,35866.72,1.04,OCH
SHGA250923,35874.46,0.56,KCHI
SHGA250923,35875.72,3.86,FEM
